57
60
65
80
89
90
226
229
286
298
310
324
364
365
401
419
420
430
491
497
504
535
541
547
564
570
589
649
654
748
751
752
833
880
907
922
935
978
1003
1019
1040
1053
1066
1134
1135
1136
1147
1163
1166
1180
1217
1254
1271
1274
1279
1298
1331
1356
1373
1408
1426
1454
1470
1522
1530
1543
1555
1575
1603
1656
1658
1743
1744
1755
1762
1794
1799
1804
1822
1826
1857
1858
1901
1947
1965
2021
2061
2082
2092
2105
2145
2160
2172
2216
2250
2301
2319
2355
2364
2414
2442
2449
2462
2484
2490
2495
2506
2548
2557
2593
2599
2619
2636
2645
2646
2669
2670
2687
2711
2713
2747
2748
2749
2757
2772
2791
2810
2814
2841
2844
2853
2855
2868
2902
2931
2943
2952
2957
3002
3024
3045
3060
3069
3127
3149
3244
3256
3261
3267
3316
3320
3327
3338
3345
3364
3366
3412
3414
3461
3464
3469
3485
3495
3511
3589
3674
3685
3752
3849
3915
3945
3972
3975
3991
3993
4027
4047
4070
4103
4134
4285
4329
4332
4355
4398
4407
4409
4453
4484
4486
4502
4558
4564
4571
4576
4610
4640
4649
4661
4741
4768
4771
4797
4799
4802
4812
4817
4819
4892
4896
4912
4927
4987
5045
5079
5083
5085
5104
5130
5203
5208
5215
5217
5226
5246
5268
5277
5292
5298
5307
5324
5337
5370
5396
5401
5436
5490
5512
5533
5565
5582
5584
5600
5625
5639
5654
5660
5690
5723
5770
5798
5803
5819
5834
5840
5841
5842
5849
5856
5859
5884
5905
5920
5974
5989
6003
6004
6026
6077
6099
6136
6168
6173
6198
6219
6220
6223
6229
6249
6267
6315
6320
6329
6341
6352
6382
6418
6443
6471
6477
6506
6507
6546
6578
6641
6657
6709
6716
6731
6758
6763
6780
6853
6854
6902
6918
6922
6924
6946
6949
6988
7009
7012
7025
7026
7038
7082
7107
7113
7167
7210
7226
7230
7240
7243
7270
7296
7300
7305
7329
7337
7341
7353
7366
7390
7417
7445
7457
7499
7527
7531
7579
7582
7613
7653
7663
7767
7772
7775
7778
7811
7880
8001
8018
8032
8140
8169
8214
8274
8275
8305
8313
8367
8433
8466
8472
8473
8562
8572
8574
8575
8606
8630
8647
8661
8669
8728
8755
8778
8795
8801
8852
8853
8861
8865
8873
8890
8906
8916
8984
9005
9008
9017
9025
9049
9079
9156
9181
9224
9235
9242
9261
9295
9299
9317
9355
9374
9383
9386
9478
9506
9565
9574
9594
9597
9603
9605
9650
9693
9715
9808
9866
9887
9896
9897
9912
9913
9941
9969
9971
10004
10076
10077
10092
10093
10096
10118
10141
10167
10174
10186
10200
10205
10219
10226
10290
10309
10334
10343
10348
10369
10374
10381
10386
10412
10426
10459
10491
10507
10525
10584
10607
10608
10656
10688
10712
10715
10836
10855
10864
11037
11058
11093
11105
11133
11155
11199
11205
11249
11302
11327
11345
11362
11379
11418
11513
11516
11555
11560
11623
11636
11639
11651
11682
11683
11700
11748
11800
11807
11816
11831
11849
11865
11882
11901
11995
12002
12018
12062
12100
12112
12135
12172
12189
12226
12299
12339
12369
12407
12420
12510
12525
12607
12609
12632
12695
12697
12707
12714
12716
12735
12781
12791
12809
12828
12833
12838
12845
12876
12893
12911
12915
12949
12968
12985
13069
13075
13081
13115
13121
13132
13142
13178
13196
13263
13289
13308
13315
13363
13370
13374
13386
13439
13473
13520
13533
13550
13552
13649
13651
13676
13736
13747
13753
13756
13817
13908
13926
13939
13950
13982
14011
14021
14037
14086
14124
14153
14173
14175
14224
14234
14276
14283
14309
14311
14326
14333
14338
14344
14361
14364
14373
14389
14413
14437
14458
14498
14500
14540
14543
14634
14689
14697
14728
14730
14743
14752
14754
14764
14767
14777
14789
14791
14802
14824
14825
14835
14845
14866
14894
14901
14924
14927
14962
15037
15040
15047
15067
15086
15104
15109
15118
15218
15269
15281
15310
15329
15358
15379
15425
15443
15525
15571
15586
15620
15621
15647
15651
15659
15740
15797
15842
15904
15915
15920
15955
15961
15963
16044
16076
16087
16091
16144
16145
16185
16215
16220
16230
16259
16274
16280
16286
16305
16319
16398
16416
16481
16488
16607
16614
16668
16680
16683
16704
16775
16776
16798
16811
16845
16851
16862
16882
16919
16945
16972
16992
17018
17033
17039
17054
17088
17114
17126
17136
17147
17165
17177
17179
17188
17252
17268
17273
17293
17307
17317
17353
17388
17397
17408
17471
17487
17546
17591
17606
17630
17641
17654
17662
17710
17742
17747
17764
17768
17770
17792
17794
17835
17894
17907
17933
17959
17975
18012
18083
18196
18208
18209
18266
18289
18325
18342
18353
18366
18369
18383
18396
18442
18446
18454
18471
18496
18520
18607
18623
18641
18662
18692
18741
18755
18817
18823
18835
18839
18847
18872
18874
18884
18909
18917
19013
19034
19047
19054
19072
19079
19095
19108
19116
19120
19133
19147
19171
19174
19185
19192
19201
19222
19245
19279
19283
19303
19371
19373
19377
19382
19388
19391
19403
19481
19494
19502
19522
19564
19591
19621
19673
19689
19701
19702
19705
19706
19737
19778
19779
19841
19863
19884
19892
19911
19925
19930
19934
19941
19954
19982
19990
20016
20055
20058
20066
20085
20113
20133
20177
20204
20220
20238
20245
20259
20266
20284
20306
20307
20350
20358
20389
20440
20479
20489
20615
20623
20624
20699
20711
20713
20743
20744
20747
20762
20841
20878
20888
20904
20915
20936
20941
20947
20960
20963
20971
20997
21008
21015
21030
21056
21080
21102
21155
21169
21207
21239
21259
21272
21276
21292
21297
21320
21340
21350
21366
21392
21400
21408
21410
21437
21465
21543
21551
21567
21579
21588
21607
21621
21640
21642
21648
21649
21652
21676
21693
21700
21704
21707
21735
21767
21777
21814
21818
21863
21880
21971
21978
22000
22055
22129
22152
22183
22351
22356
22369
22397
22437
22443
22461
22538
22551
22563
22587
22622
22666
22700
22702
22725
22736
22748
22772
22829
22860
22896
22912
22926
22939
22953
22977
23006
23071
23115
23140
23175
23204
23210
23301
23305
23324
23336
23355
23378
23379
23384
23517
23534
23551
23572
23584
23658
23678
23713
23752
23766
23801
23840
23860
23933
23976
23983
24009
24037
24093
24100
24128
24142
24145
24166
24179
24189
24211
24272
24279
24282
24322
24323
24364
24372
24483
24510
24577
24611
24655
24688
24696
24706
24725
24730
24751
24762
24852
24889
24910
24957
24967
24996
25029
25068
25069
25090
25098
25114
25127
25221
25246
25288
25388
25395
25413
25415
25432
25443
25447
25504
25541
25580
25617
25639
25671
25688
25692
25696
25743
25750
25754
25755
25819
25820
25871
25911
25935
25946
25965
26036
26042
26057
26101
26106
26112
26125
26135
26160
26180
26227
26278
26294
26333
26344
26357
26370
26399
26407
26444
26455
26499
26500
26501
26538
26606
26617
26627
26641
26651
26655
26664
26684
26688
26731
26735
26739
26764
26825
26865
26870
26911
26953
27050
27053
27131
27154
27200
27249
27262
27268
27306
27326
27343
27352
27373
27380
27417
27432
27461
27469
27506
27551
27554
27589
27603
27620
27703
27708
27711
27716
27742
27750
27779
27797
27835
27845
27868
27872
27880
27891
27937
27969
27971
27982
28003
28065
28085
28096
28109
28130
28177
28186
28198
28202
28212
28285
28298
28299
28317
28318
28391
28404
28422
28445
28452
28465
28528
28533
28551
28576
28600
28630
28636
28638
28670
28672
28697
28710
28711
28730
28743
28748
28758
28775
28802
28827
28851
28921
28922
28923
28953
28967
28989
28991
29003
29022
29041
29091
29113
29132
29169
29191
29201
29214
29223
29282
29305
29328
29359
29366
29402
29420
29463
29481
29485
29511
29517
29554
29555
29564
29601
29623
29644
29650
29668
29741
29752
29825
29827
29906
29912
29990
30013
30062
30072
30085
30136
30210
30213
30222
30223
30245
30257
30260
30283
30325
30366
30379
30424
30456
30457
30474
30497
30550
30560
30595
30603
30644
30670
30675
30686
30704
30727
30756
30763
30778
30810
30813
30830
30835
30918
30950
31073
31075
31123
31148
31209
31221
31269
31287
31289
31312
31318
31346
31364
31373
31380
31436
31447
31455
31462
31488
31497
31511
31543
31585
31597
31606
31628
31638
31715
31725
31780
31807
31887
31909
31916
31920
31959
32003
32006
32032
32054
32063
32081
32095
32153
32155
32164
32172
32202
32212
32270
32284
32339
32391
32398
32415
32420
32427
32435
32442
32477
32539
32614
32640
32649
32658
32659
32673
32678
32701
32725
32727
32733
32774
32816
32823
32840
32878
32889
32895
32914
32916
32919
32998
33016
33066
33098
33158
33164
33239
33258
33278
33280
33287
33291
33315
33405
33422
33425
33427
33477
33506
33510
33516
33525
33548
33552
33587
33589
33655
33687
33698
33725
33764
33785
33800
33804
33817
33823
33830
33888
33891
33920
33951
33961
34001
34024
34033
34042
34082
34148
34186
34217
34302
34306
34368
34386
34390
34399
34429
34437
34474
34498
34501
34537
34548
34589
34593
34595
34606
34619
34651
34705
34719
34748
34805
34853
34876
34905
34915
34925
34934
34951
34994
35000
35035
35037
35071
35102
35146
35150
35157
35200
35208
35224
35235
35249
35283
35310
35368
35378
35420
35437
35439
35480
35512
35534
35545
35623
35639
35653
35709
35727
35778
35818
35828
35883
35909
35914
35988
36017
36026
36027
36030
36054
36087
36151
36183
36184
36187
36198
36209
36226
36231
36273
36311
36343
36353
36379
36392
36412
36418
36471
36487
36553
36558
36589
36591
36634
36658
36662
36683
36719
36759
36793
36823
36841
36844
36846
37067
37118
37145
37162
37174
37191
37203
37232
37247
37265
37271
37278
37288
37313
37338
37341
37364
37377
37429
37524
37531
37550
37590
37599
37698
37701
37755
37770
37795
37814
37835
37862
37875
37889
37896
37901
37955
37975
38041
38172
38210
38232
38234
38253
38288
38297
38364
38386
38396
38410
38421
38467
38529
38531
38563
38583
38594
38595
38619
38623
38641
38681
38688
38696
38724
38758
38759
38783
38808
38843
38851
38855
38908
38915
38941
38954
38961
38964
38986
39002
39059
39118
39124
39130
39137
39172
39232
39237
39241
39255
39266
39272
39275
39285
39297
39309
39321
39350
39354
39380
39385
39412
39420
39426
39571
39604
39622
39627
39747
39785
39843
39879
39886
39896
39897
39905
39918
39931
39974
39991
40025
40033
40073
40133
40188
40218
40327
40398
40425
40458
40477
40488
40505
40544
40635
40646
40765
40769
40798
40820
40822
40845
40878
40880
40884
40917
40948
40949
40955
41046
41120
41196
41221
41260
41324
41346
41348
41399
41422
41454
41487
41498
41571
41616
41649
41714
41749
41765
41785
41790
41796
41843
41869
41885
41919
41930
41934
41955
41971
41998
42049
42068
42111
42155
42164
42232
42236
42239
42244
42250
42284
42286
42315
42337
42386
42387
42487
42502
42578
42599
42611
42664
42676
42689
42696
42720
42759
42768
42794
42809
42833
42836
42848
42849
42855
42860
42862
42875
42932
42940
43007
43018
43077
43107
43133
43153
43164
43235
43239
43250
43259
43266
43297
43333
43348
43450
43458
43460
43486
43488
43604
43616
43641
43646
43650
43657
43677
43714
43730
43786
43821
43848
43930
43971
44068
44084
44115
44130
44145
44151
44166
44176
44208
44215
44232
44251
44279
44306
44322
44425
44442
44458
44495
44498
44511
44583
44695
44703
44764
44849
44861
44883
44926
44933
44954
44965
44966
44981
45014
45047
45064
45109
45123
45141
45207
45237
45250
45253
45255
45281
45328
45332
45366
45401
45406
45438
45462
45496
45497
45550
45561
45583
45585
45648
45673
45675
45707
45726
45738
45777
45778
45795
45827
45861
45895
45934
45969
46031
46051
46080
46134
46136
46182
46188
46195
46220
46232
46242
46251
46253
46264
46292
46297
46301
46302
46362
46425
46441
46470
46478
46580
46635
46670
46692
46714
46725
46743
46760
46772
46785
46788
46838
46861
46917
46926
46940
46943
46961
46979
46994
47003
47024
47032
47035
47054
47056
47125
47217
47221
47225
47232
47252
47302
47303
47311
47322
47329
47331
47335
47349
47414
47442
47460
47493
47495
47513
47555
47586
47625
47641
47688
47699
47721
47728
47731
47735
47774
47784
47946
47976
48045
48058
48079
48114
48122
48140
48197
48203
48292
48303
48318
48340
48351
48370
48378
48383
48390
48405
48457
48506
48537
48588
48653
48721
48745
48761
48787
48800
48816
48821
48834
48847
48870
48902
48984
49029
49036
49079
49104
49121
49145
49160
49173
49181
49182
49217
49225
49244
49282
49304
49350
49487
49490
49512
49522
49555
49563
49569
49603
49624
49644
49670
49719
49724
49734
49762
49798
49800
49813
49837
49878
49892
49923
49930
49940
49953
49963
49991
50002
50037
50042
50044
50056
50080
50081
50099
50101
50138
50161
50201
50210
50259
50296
50314
50316
50403
50459
50578
50588
50606
50693
50709
50733
50743
50746
50839
50840
50846
50854
50866
50870
50895
50909
50914
50920
50937
51032
51051
51080
51116
51120
51133
51156
51184
51202
51212
51258
51303
51346
51355
51356
51362
51369
51390
51417
51423
51461
51473
51478
51493
51534
51535
51545
51553
51605
51608
51612
51621
51649
51650
51656
51670
51703
51734
51755
51782
51784
51823
51916
51954
51964
51977
51979
52001
52012
52105
52140
52153
52198
52239
52263
52272
52394
52417
52420
52424
52478
52500
52650
52674
52683
52685
52689
52700
52727
52732
52757
52770
52790
52914
52933
53002
53006
53029
53043
53079
53083
53107
53108
53135
53154
53179
53191
53240
53298
53299
53323
53407
53417
53423
53459
53480
53491
53522
53572
53573
53582
53587
53605
53619
53620
53623
53651
53653
53660
53732
53766
53777
53798
53803
53817
53821
53837
53845
53854
53861
53932
53940
53943
53990
54013
54027
54034
54047
54098
54116
54119
54151
54159
54182
54184
54195
54199
54256
54287
54333
54360
54369
54490
54497
54517
54637
54644
54645
54654
54697
54719
54730
54759
54810
54821
54828
54841
54868
54900
54908
54940
54945
54954
54984
55000
55004
55010
55040
55060
55061
55069
55070
55086
55173
55177
55196
55265
55320
55330
55351
55370
55374
55411
55431
55537
55549
55553
55588
55605
55615
55626
55640
55660
55685
55693
55737
55751
55756
55773
55791
55810
55830
55843
55851
55865
55894
55895
55931
55973
55975
55983
55996
56045
56066
56078
56113
56134
56135
56151
56186
56206
56241
56251
56261
56321
56329
56336
56418
56452
56455
56487
56525
56527
56578
56651
56664
56691
56692
56729
56733
56757
56762
56769
56775
56784
56810
56812
56832
56838
56840
56843
56894
56923
56957
56970
56971
56992
56996
57016
57053
57055
57096
57100
57106
57147
57154
57159
57168
57182
57194
57206
57224
57225
57245
57252
57254
57291
57330
57343
57351
57417
57434
57457
57486
57493
57508
57534
57597
57599
57616
57625
57628
57638
57644
57651
57665
57679
57698
57734
57770
57777
57785
57848
57856
57879
57916
57942
58108
58110
58111
58115
58133
58163
58187
58239
58245
58263
58291
58300
58337
58365
58390
58394
58402
58408
58421
58424
58449
58450
58483
58497
58501
58505
58526
58543
58569
58591
58612
58619
58627
58648
58658
58668
58669
58694
58697
58722
58723
58771
58786
58811
58838
58842
58847
58857
58903
58934
58972
58984
58986
58987
59008
59013
59038
59066
59067
59082
59089
59108
59125
59126
59130
59140
59168
59174
59186
59188
59192
59196
59198
59214
59216
59224
59281
59296
59321
59341
59349
59358
59381
59390
59397
59409
59418
59440
59499
59512
59520
59525
59553
59584
59596
59598
59605
59612
59631
59658
59666
59674
59677
59698
59705
59711
59724
59726
59729
59756
59759
59765
59777
59779
59789
59819
59822
59825
59835
59849
59863
59875
59902
59928
59932
59954
59988
59998
59999
