2
21
39
49
59
69
82
94
95
142
163
164
283
295
303
305
329
351
374
375
386
393
406
445
477
521
523
524
551
588
636
650
754
770
795
799
805
821
839
848
853
862
865
896
938
944
1016
1039
1054
1055
1069
1082
1112
1175
1246
1284
1299
1307
1317
1343
1353
1385
1414
1421
1430
1442
1443
1448
1469
1518
1597
1599
1609
1633
1691
1757
1763
1772
1773
1784
1816
1819
1828
1832
1919
1932
1940
1962
1973
2014
2023
2038
2064
2152
2164
2237
2247
2331
2343
2362
2371
2375
2376
2403
2468
2471
2507
2509
2534
2569
2574
2621
2632
2684
2706
2709
2803
2809
2811
2816
2832
2843
2858
2940
2948
2966
2975
2986
2998
3008
3011
3040
3050
3056
3131
3159
3160
3241
3258
3259
3287
3313
3322
3331
3355
3413
3418
3425
3454
3484
3487
3488
3492
3579
3585
3607
3619
3689
3726
3740
3761
3773
3790
3791
3796
3807
3813
3855
3867
3872
3884
3888
3889
3893
3897
3899
3914
3977
3983
4020
4025
4026
4035
4069
4092
4097
4106
4109
4117
4125
4127
4147
4152
4166
4176
4187
4188
4189
4201
4218
4229
4244
4263
4278
4309
4324
4360
4369
4379
4382
4386
4388
4437
4439
4473
4491
4534
4536
4575
4586
4596
4605
4622
4626
4641
4692
4708
4740
4781
4821
4853
4858
4867
4868
4871
4873
4881
4917
4929
5046
5077
5101
5137
5193
5197
5202
5306
5343
5365
5375
5407
5439
5449
5458
5462
5471
5507
5521
5530
5593
5626
5673
5676
5737
5768
5779
5790
5794
5805
5883
5967
5988
6007
6038
6082
6153
6171
6174
6225
6228
6248
6250
6261
6284
6332
6349
6414
6430
6469
6487
6541
6579
6616
6676
6702
6723
6727
6745
6768
6788
6832
6837
6838
6844
6880
6917
6952
6984
7028
7030
7064
7065
7076
7099
7138
7156
7177
7190
7216
7220
7253
7256
7324
7334
7414
7464
7474
7534
7572
7585
7592
7626
7661
7769
7800
7856
7857
7879
7894
7895
7900
8048
8071
8082
8083
8089
8128
8135
8138
8139
8150
8265
8298
8318
8337
8341
8347
8358
8413
8544
8551
8577
8640
8652
8657
8664
8667
8722
8748
8771
8773
8825
8840
8841
8848
8869
8877
8892
8911
8953
8985
9082
9093
9098
9103
9104
9125
9131
9199
9304
9321
9326
9334
9410
9428
9444
9446
9621
9638
9647
9673
9743
9745
9755
9771
9809
9819
9854
9875
9901
9907
9911
9920
9958
9965
9974
9982
9984
10014
10027
10058
10073
10078
10083
10105
10111
10142
10164
10178
10256
10266
10278
10283
10306
10331
10339
10398
10434
10473
10541
10548
10555
10583
10586
10613
10614
10629
10684
10698
10702
10763
10781
10782
10785
10801
10847
10850
10851
10900
10905
10918
10927
10961
10996
11082
11104
11126
11136
11156
11180
11208
11218
11251
11258
11276
11279
11300
11306
11307
11314
11420
11421
11436
11439
11473
11495
11533
11536
11554
11565
11571
11606
11614
11638
11655
11660
11668
11671
11676
11729
11862
11870
11886
12008
12035
12037
12087
12111
12140
12146
12211
12237
12243
12274
12295
12341
12365
12462
12489
12505
12523
12542
12554
12565
12573
12604
12608
12611
12616
12631
12639
12656
12696
12797
12798
12831
12832
12889
12956
12966
12974
12978
12999
13001
13002
13012
13042
13050
13056
13062
13082
13089
13094
13119
13123
13159
13165
13172
13180
13186
13222
13244
13282
13284
13366
13408
13454
13477
13503
13526
13556
13590
13637
13648
13667
13669
13690
13720
13743
13802
13813
13840
13846
13850
13855
13880
13892
13899
13948
13956
13973
13977
13983
14019
14042
14052
14071
14098
14105
14113
14118
14164
14196
14257
14272
14301
14436
14452
14461
14473
14476
14504
14558
14559
14578
14592
14606
14629
14669
14682
14709
14712
14766
14890
14902
14916
14928
14934
14960
14980
15014
15020
15032
15050
15103
15115
15116
15133
15137
15153
15173
15222
15232
15258
15271
15276
15335
15356
15369
15378
15386
15389
15415
15464
15484
15521
15542
15570
15582
15609
15632
15639
15662
15709
15722
15786
15802
15812
15826
15847
15875
16063
16105
16151
16153
16179
16241
16276
16288
16297
16300
16326
16340
16344
16347
16358
16363
16394
16425
16519
16539
16553
16561
16569
16650
16685
16690
16693
16703
16707
16714
16822
16844
16849
16886
16894
16957
16958
16964
16984
17010
17011
17051
17062
17076
17089
17144
17190
17216
17217
17227
17244
17313
17329
17339
17362
17402
17429
17444
17465
17468
17488
17511
17513
17584
17596
17597
17598
17603
17613
17634
17686
17695
17709
17754
17759
17761
17796
17812
17862
17872
17883
17986
17988
18005
18117
18118
18159
18169
18187
18195
18204
18214
18242
18285
18305
18313
18328
18340
18350
18378
18447
18462
18503
18527
18543
18552
18577
18584
18652
18663
18797
18801
18855
18869
18878
18926
18948
18950
18963
18964
18980
19002
19029
19063
19070
19083
19093
19110
19139
19181
19187
19212
19250
19267
19282
19312
19349
19361
19376
19397
19401
19432
19456
19487
19497
19500
19627
19696
19708
19725
19736
19740
19755
19810
19819
19825
19858
19904
19906
19920
19921
19924
19966
20031
20094
20112
20129
20160
20161
20164
20169
20175
20194
20227
20279
20301
20343
20347
20348
20376
20379
20382
20387
20408
20420
20425
20426
20437
20453
20475
20498
20544
20612
20629
20631
20690
20701
20727
20733
20763
20789
20830
20831
20857
20870
20890
20898
20907
20908
20912
20942
20974
21044
21049
21050
21058
21099
21156
21158
21166
21184
21240
21273
21277
21286
21296
21367
21382
21385
21414
21433
21438
21446
21475
21520
21576
21627
21665
21690
21694
21727
21744
21747
21776
21796
21827
21834
21897
21912
21919
21924
21944
21952
21965
21996
22010
22030
22050
22062
22086
22090
22134
22157
22160
22195
22196
22203
22216
22227
22234
22248
22268
22277
22278
22292
22310
22350
22372
22408
22425
22444
22451
22484
22504
22514
22532
22535
22546
22552
22582
22599
22601
22602
22613
22629
22635
22651
22675
22715
22751
22786
22887
22913
22943
22946
22948
23000
23017
23043
23077
23087
23109
23155
23156
23173
23182
23185
23241
23262
23278
23288
23343
23370
23371
23382
23400
23450
23478
23485
23486
23499
23548
23552
23554
23556
23638
23688
23705
23756
23797
23844
23850
23915
23968
24020
24077
24111
24118
24137
24198
24306
24406
24421
24439
24458
24469
24517
24531
24536
24561
24569
24582
24591
24640
24641
24648
24651
24676
24729
24742
24767
24809
24830
24848
24860
24872
24878
24916
24917
24922
25005
25034
25038
25055
25063
25135
25143
25148
25175
25181
25194
25218
25219
25268
25280
25284
25295
25345
25373
25374
25399
25411
25472
25483
25488
25497
25531
25554
25585
25621
25650
25679
25762
25807
25816
25923
25927
25934
25940
25951
25971
25982
25984
26007
26013
26077
26085
26166
26183
26205
26231
26259
26296
26298
26428
26449
26451
26475
26482
26485
26505
26530
26549
26580
26603
26691
26732
26762
26771
26779
26810
26814
26824
26826
26846
26884
26934
26958
26961
26988
27032
27041
27099
27111
27139
27140
27147
27150
27158
27159
27197
27246
27257
27272
27304
27311
27322
27334
27336
27364
27443
27496
27528
27548
27563
27583
27596
27599
27637
27654
27656
27677
27678
27697
27757
27802
27857
27864
27869
27897
27947
27953
27977
28030
28037
28043
28044
28048
28120
28125
28153
28155
28176
28179
28204
28231
28238
28239
28287
28303
28323
28333
28347
28383
28443
28531
28546
28553
28569
28587
28590
28609
28613
28635
28650
28668
28688
28712
28738
28794
28800
28871
28882
28894
28925
28973
28987
28999
29071
29072
29098
29111
29120
29156
29175
29193
29197
29247
29261
29268
29298
29316
29330
29341
29354
29406
29412
29433
29468
29504
29513
29516
29519
29545
29580
29605
29608
29625
29635
29642
29654
29683
29686
29706
29740
29746
29773
29779
29807
29820
29844
29846
29848
29875
29879
29902
29908
29962
30004
30011
30016
30021
30034
30036
30093
30097
30112
30189
30239
30242
30248
30293
30364
30365
30388
30393
30414
30458
30460
30465
30469
30524
30529
30542
30546
30578
30581
30590
30770
30782
30800
30818
30949
30969
30977
30980
31010
31060
31079
31128
31143
31201
31254
31259
31323
31354
31427
31440
31465
31496
31560
31591
31601
31677
31688
31699
31716
31763
31764
31822
31831
31919
31977
31999
32008
32014
32022
32034
32068
32090
32097
32146
32193
32228
32254
32256
32259
32304
32336
32353
32367
32431
32438
32441
32459
32463
32470
32474
32487
32495
32548
32554
32623
32627
32633
32669
32680
32688
32690
32705
32736
32746
32776
32796
32797
32799
32826
32836
32844
32849
32881
32890
32906
32910
33002
33044
33063
33124
33139
33175
33224
33238
33240
33327
33332
33348
33349
33369
33376
33379
33440
33447
33521
33522
33564
33568
33575
33581
33608
33674
33681
33688
33739
33822
33876
33905
33924
33937
33940
33998
34002
34012
34027
34045
34057
34074
34079
34085
34112
34153
34160
34172
34193
34267
34293
34349
34352
34356
34357
34363
34389
34452
34468
34492
34519
34558
34572
34584
34630
34634
34736
34739
34791
34793
34843
34856
34878
34907
34909
34933
34936
34944
35002
35043
35045
35063
35073
35118
35124
35156
35174
35190
35194
35201
35217
35233
35240
35247
35261
35326
35350
35383
35427
35435
35467
35489
35492
35495
35499
35507
35522
35553
35557
35580
35583
35620
35633
35663
35738
35749
35764
35771
35788
35826
35868
35886
35936
35946
35949
35961
35973
35994
36005
36009
36025
36039
36044
36115
36121
36131
36135
36147
36153
36163
36180
36217
36253
36254
36314
36330
36355
36396
36428
36448
36469
36470
36479
36482
36496
36504
36510
36539
36569
36573
36583
36585
36620
36684
36739
36799
36817
36865
36899
36912
36919
36923
36925
36951
36965
37002
37007
37022
37045
37080
37140
37227
37245
37319
37333
37355
37382
37388
37390
37412
37458
37470
37538
37548
37578
37604
37628
37635
37646
37665
37678
37738
37772
37802
37818
37855
37894
37926
37945
37968
37996
38018
38043
38050
38051
38053
38063
38099
38127
38143
38150
38164
38185
38187
38198
38218
38227
38246
38256
38265
38317
38329
38338
38345
38407
38527
38549
38554
38645
38658
38702
38739
38750
38771
38824
38827
38842
38861
38878
38906
38924
38949
38956
38969
38971
38974
38977
38983
38990
39003
39047
39060
39062
39070
39073
39082
39114
39140
39160
39164
39247
39258
39329
39340
39358
39411
39435
39439
39455
39474
39506
39519
39552
39562
39573
39582
39614
39681
39717
39722
39724
39746
39762
39809
39837
39857
39877
39887
39913
39915
39933
39953
39954
39982
40012
40017
40082
40086
40125
40126
40139
40166
40225
40228
40274
40340
40342
40344
40368
40402
40408
40409
40411
40422
40426
40428
40433
40501
40514
40528
40534
40557
40629
40671
40678
40683
40708
40745
40777
40806
40828
40831
40848
40849
40873
40902
41070
41125
41160
41174
41254
41294
41349
41365
41402
41405
41413
41415
41424
41472
41482
41501
41502
41509
41536
41544
41561
41572
41595
41600
41602
41609
41646
41676
41681
41692
41723
41769
41814
41815
41825
41860
41883
41896
41986
41994
42001
42008
42009
42025
42037
42076
42118
42150
42166
42200
42237
42260
42275
42294
42317
42340
42391
42479
42490
42525
42561
42573
42574
42587
42600
42602
42606
42619
42627
42638
42658
42702
42731
42810
42868
42913
42916
42918
42919
42937
42944
42948
42962
42967
43020
43041
43056
43079
43114
43175
43202
43253
43265
43295
43300
43317
43323
43344
43347
43395
43397
43398
43415
43419
43452
43465
43474
43496
43610
43631
43682
43684
43711
43721
43754
43819
43820
43858
43885
43920
43935
43948
43976
44006
44070
44097
44112
44177
44219
44224
44263
44271
44272
44283
44320
44329
44334
44336
44352
44373
44451
44468
44471
44473
44513
44535
44541
44553
44556
44596
44609
44629
44638
44654
44698
44726
44776
44781
44843
44890
44896
44898
44941
44944
44975
45097
45180
45189
45247
45272
45455
45458
45477
45539
45611
45625
45658
45672
45689
45692
45723
45727
45736
45740
45750
45752
45768
45773
45850
45866
45909
45949
45958
45960
46018
46033
46038
46043
46066
46070
46076
46084
46085
46094
46125
46154
46156
46190
46208
46236
46254
46311
46341
46370
46374
46411
46426
46436
46457
46477
46485
46499
46524
46560
46568
46572
46586
46627
46641
46662
46675
46676
46719
46828
46851
46872
46921
46959
46964
46970
46995
47000
47036
47037
47050
47108
47158
47161
47191
47266
47281
47345
47383
47397
47423
47446
47470
47539
47557
47569
47573
47589
47590
47616
47621
47631
47649
47664
47675
47691
47718
47720
47729
47734
47766
47801
47811
47831
47894
47907
47909
47922
47936
47941
48007
48015
48065
48071
48075
48089
48094
48117
48165
48178
48181
48183
48226
48231
48262
48286
48330
48332
48337
48350
48407
48448
48452
48497
48511
48517
48555
48574
48607
48611
48616
48633
48646
48656
48702
48719
48726
48741
48839
48849
48895
48960
48992
48997
49010
49043
49075
49084
49147
49165
49192
49210
49219
49325
49365
49401
49417
49429
49469
49472
49498
49509
49600
49601
49609
49611
49628
49633
49641
49647
49651
49682
49686
49688
49693
49706
49726
49777
49818
49830
49831
49861
49876
49936
49942
49943
49958
49988
50011
50025
50036
50047
50141
50149
50184
50216
50222
50237
50279
50290
50317
50325
50361
50365
50374
50383
50405
50411
50433
50457
50464
50489
50549
50550
50553
50558
50603
50609
50625
50643
50658
50672
50673
50721
50762
50805
50825
50881
50904
50930
50936
50943
51015
51022
51054
51065
51076
51079
51248
51257
51264
51285
51286
51308
51323
51330
51409
51428
51438
51518
51636
51677
51754
51820
51828
51831
51855
51883
51910
51940
51945
51962
51983
51994
52000
52021
52033
52035
52053
52061
52073
52111
52125
52126
52162
52171
52176
52180
52195
52226
52235
52246
52273
52285
52290
52293
52330
52366
52391
52412
52413
52434
52436
52451
52475
52481
52498
52502
52541
52549
52552
52556
52583
52640
52647
52656
52663
52718
52723
52736
52741
52746
52767
52792
52823
52831
52849
52854
52858
52878
52894
52902
52932
52936
52942
52969
52978
53034
53074
53122
53187
53198
53232
53244
53250
53305
53316
53347
53431
53432
53440
53457
53507
53518
53524
53585
53593
53622
53625
53689
53708
53775
53835
53851
53853
53865
53875
53897
53908
53917
53919
53923
53934
53947
53987
54009
54024
54030
54031
54036
54040
54046
54068
54089
54122
54150
54222
54224
54241
54337
54359
54407
54419
54435
54482
54483
54495
54498
54525
54566
54568
54576
54607
54613
54707
54712
54745
54802
54818
54903
54955
55016
55091
55096
55100
55109
55148
55153
55154
55187
55216
55224
55225
55266
55274
55288
55292
55337
55341
55451
55479
55491
55566
55600
55602
55608
55620
55635
55665
55667
55704
55718
55777
55854
55860
55861
55876
56051
56073
56079
56139
56149
56180
56182
56196
56210
56211
56232
56269
56284
56334
56353
56381
56405
56447
56454
56460
56479
56570
56593
56712
56714
56744
56853
56867
56884
56886
56893
56912
56920
56950
56972
56977
57125
57175
57193
57226
57235
57244
57277
57300
57308
57358
57368
57371
57382
57423
57429
57506
57568
57575
57615
57619
57657
57660
57673
57695
57725
57771
57781
57802
57837
57843
57849
57881
57903
57930
57934
57971
57973
57983
58019
58022
58050
58053
58076
58102
58122
58212
58223
58259
58265
58271
58294
58320
58371
58392
58473
58475
58510
58549
58550
58553
58567
58624
58628
58631
58645
58650
58659
58679
58690
58705
58725
58747
58754
58757
58819
58822
58868
58875
58918
58985
58992
58996
59047
59055
59059
59071
59150
59158
59165
59171
59189
59190
59240
59261
59319
59348
59367
59387
59446
59523
59532
59542
59555
59569
59614
59618
59676
59786
59859
59862
59869
59887
59909
59913
59923
59929
