6
8
13
23
46
133
135
149
168
199
213
273
275
280
290
314
316
411
438
449
493
507
615
658
673
674
686
689
691
696
723
744
753
760
772
774
802
803
809
841
846
873
884
909
921
968
1008
1121
1137
1188
1225
1226
1296
1315
1324
1344
1363
1398
1407
1419
1453
1460
1481
1513
1550
1552
1588
1604
1639
1710
1776
1782
1851
1878
1879
1882
1893
1896
1914
1920
1928
1981
1989
2032
2051
2102
2111
2148
2243
2278
2303
2307
2311
2339
2344
2381
2393
2456
2504
2537
2558
2563
2598
2627
2651
2679
2686
2689
2701
2732
2738
2790
2875
2905
2939
2954
2961
2965
2967
3006
3019
3053
3063
3072
3100
3168
3205
3209
3228
3246
3293
3297
3310
3343
3348
3351
3390
3403
3410
3476
3499
3509
3563
3576
3603
3628
3684
3697
3709
3716
3771
3858
3879
3922
3924
3927
3982
4006
4016
4033
4041
4042
4053
4068
4105
4113
4142
4175
4210
4237
4290
4342
4383
4419
4423
4475
4477
4492
4496
4504
4545
4574
4608
4612
4653
4659
4678
4696
4719
4722
4738
4776
4785
4836
4852
4857
4860
4883
4905
4957
4962
4973
4997
5022
5090
5144
5174
5331
5348
5352
5360
5368
5388
5435
5448
5492
5503
5514
5524
5531
5536
5559
5605
5721
5730
5758
5763
5804
5825
5836
5839
5844
5854
5948
5977
6000
6023
6037
6067
6074
6095
6109
6118
6133
6134
6170
6207
6222
6251
6269
6271
6304
6306
6330
6364
6425
6444
6467
6532
6550
6597
6666
6667
6704
6749
6767
6782
6885
6890
6940
6995
7016
7020
7043
7084
7116
7126
7152
7155
7158
7163
7185
7227
7268
7276
7304
7322
7333
7467
7526
7556
7571
7593
7600
7610
7620
7648
7652
7675
7725
7735
7739
7753
7754
7763
7765
7774
7808
7810
7812
7835
7875
7884
7890
7902
7915
7931
7959
7970
7997
8027
8062
8070
8107
8145
8207
8222
8230
8238
8258
8266
8273
8277
8287
8292
8304
8315
8317
8375
8378
8426
8435
8437
8442
8453
8457
8478
8480
8482
8560
8567
8615
8637
8653
8663
8696
8707
8738
8793
8797
8803
8822
8833
8851
8880
8882
8898
8909
8923
8948
8968
8969
8977
8986
9006
9018
9057
9060
9064
9067
9107
9111
9121
9130
9138
9144
9180
9194
9245
9248
9336
9370
9397
9423
9458
9469
9475
9496
9549
9578
9579
9600
9608
9636
9664
9683
9696
9698
9714
9735
9742
9786
9791
9855
9874
9877
9888
9932
9947
9957
9966
9977
10001
10002
10009
10028
10062
10112
10113
10114
10138
10143
10196
10222
10228
10249
10282
10295
10300
10332
10341
10384
10389
10404
10407
10415
10420
10441
10460
10466
10501
10524
10544
10552
10565
10574
10580
10587
10593
10630
10632
10705
10722
10811
10817
10838
10862
10882
10897
11016
11035
11050
11057
11079
11109
11140
11168
11174
11181
11211
11228
11269
11287
11288
11301
11309
11328
11329
11381
11399
11435
11458
11460
11470
11493
11501
11506
11524
11547
11559
11633
11658
11679
11686
11687
11714
11724
11746
11847
11878
11891
11919
11951
11967
12012
12042
12045
12056
12064
12071
12122
12174
12175
12210
12267
12294
12306
12348
12367
12384
12447
12448
12492
12504
12524
12539
12567
12585
12593
12674
12692
12746
12752
12766
12796
12802
12825
12858
12866
12883
12910
12927
12934
12939
12972
12977
12993
13008
13026
13033
13077
13084
13093
13098
13163
13166
13202
13271
13312
13324
13365
13375
13385
13404
13411
13419
13423
13460
13474
13484
13509
13514
13532
13571
13591
13630
13632
13677
13705
13741
13771
13842
13854
13890
13911
13924
13954
13972
13986
13998
14005
14006
14030
14051
14152
14182
14312
14324
14342
14408
14415
14426
14442
14470
14505
14519
14526
14532
14609
14694
14710
14781
14823
14830
14849
14856
14863
14884
14888
14896
14911
14959
15004
15006
15036
15053
15077
15102
15161
15172
15209
15210
15262
15284
15300
15328
15334
15392
15399
15413
15421
15423
15426
15429
15452
15552
15557
15589
15593
15604
15638
15673
15685
15754
15768
15777
15780
15835
15906
15958
15983
15988
16031
16054
16085
16134
16136
16171
16248
16252
16293
16296
16304
16306
16308
16312
16339
16346
16352
16353
16357
16371
16419
16482
16515
16532
16554
16560
16573
16574
16576
16582
16585
16587
16611
16637
16639
16646
16649
16665
16679
16691
16749
16769
16788
16819
16825
16832
16853
16865
16898
16900
16938
16939
16950
16977
17074
17119
17138
17160
17162
17178
17187
17236
17250
17295
17333
17334
17338
17340
17385
17447
17456
17553
17554
17563
17611
17625
17645
17697
17717
17730
17769
17774
17784
17795
17843
17854
17855
17873
17939
17952
17963
17969
17973
17998
18002
18010
18021
18095
18099
18103
18106
18189
18194
18205
18257
18282
18297
18349
18358
18364
18395
18408
18431
18436
18440
18478
18480
18515
18560
18567
18602
18616
18619
18647
18658
18671
18695
18759
18826
18864
18890
18895
18913
18915
18969
18983
19025
19037
19065
19084
19090
19132
19138
19170
19191
19205
19206
19228
19244
19246
19258
19293
19302
19354
19362
19407
19411
19431
19453
19462
19512
19533
19557
19654
19663
19704
19760
19762
19765
19859
19878
19879
19896
19926
19928
19948
19953
19968
19976
19995
20001
20013
20059
20091
20142
20148
20153
20188
20222
20247
20249
20257
20333
20334
20381
20396
20419
20439
20449
20465
20481
20485
20490
20513
20535
20579
20603
20654
20679
20697
20725
20771
20796
20814
20827
20858
20911
20952
20993
21005
21024
21031
21040
21054
21069
21071
21082
21087
21089
21096
21117
21136
21159
21203
21211
21233
21308
21383
21384
21391
21413
21416
21448
21482
21529
21555
21556
21611
21612
21617
21620
21680
21689
21695
21698
21737
21752
21759
21806
21844
21854
21857
21898
21917
21922
21936
21961
21963
21985
22005
22014
22029
22031
22046
22123
22137
22146
22149
22153
22169
22170
22279
22284
22328
22335
22398
22433
22578
22612
22659
22676
22717
22767
22787
22790
22806
22811
22830
22849
22880
22899
22906
22928
23032
23041
23061
23070
23122
23246
23247
23248
23325
23484
23496
23530
23564
23589
23615
23643
23661
23671
23761
23764
23784
23802
23821
23832
23867
23883
23894
23924
23934
23956
23958
23961
24025
24059
24076
24079
24086
24102
24123
24141
24162
24187
24204
24223
24255
24267
24273
24286
24317
24318
24367
24391
24422
24436
24443
24475
24491
24501
24557
24570
24578
24593
24614
24615
24645
24666
24684
24705
24799
24812
24821
24826
24884
24907
24912
24929
24940
24946
24966
24975
25006
25066
25075
25088
25095
25105
25111
25121
25129
25139
25207
25245
25258
25263
25311
25372
25394
25490
25538
25562
25567
25598
25609
25636
25644
25652
25662
25663
25665
25684
25727
25730
25776
25805
25814
25838
25839
25876
25896
25900
25929
25956
26002
26005
26065
26095
26105
26133
26151
26157
26173
26182
26201
26203
26283
26288
26310
26338
26354
26397
26471
26597
26636
26649
26678
26680
26710
26711
26788
26801
26832
26838
26845
26899
26903
26909
26925
26939
26963
26969
27026
27027
27033
27078
27084
27089
27119
27133
27134
27162
27196
27209
27218
27221
27226
27228
27267
27281
27287
27313
27316
27319
27325
27331
27333
27440
27442
27446
27447
27473
27482
27492
27527
27564
27609
27612
27652
27685
27709
27718
27732
27744
27777
27781
27784
27788
27860
27879
27904
27908
27973
27978
27989
27990
28006
28013
28026
28027
28031
28054
28059
28069
28079
28086
28088
28093
28104
28105
28157
28183
28199
28216
28372
28394
28411
28414
28450
28462
28464
28476
28573
28584
28610
28631
28640
28659
28685
28729
28731
28737
28747
28752
28770
28804
28822
28829
28836
28885
28915
28930
28963
29024
29040
29053
29089
29101
29157
29183
29188
29206
29209
29257
29285
29335
29347
29369
29375
29379
29385
29391
29410
29421
29436
29438
29470
29475
29492
29552
29660
29663
29713
29735
29777
29859
29874
29877
29884
29950
29956
29979
30009
30076
30078
30087
30095
30181
30218
30241
30301
30309
30314
30319
30328
30339
30352
30439
30445
30446
30454
30513
30517
30535
30569
30580
30608
30616
30619
30634
30669
30674
30676
30713
30767
30784
30815
30843
30848
30854
30881
30904
30937
30961
30974
30978
31027
31038
31225
31243
31250
31345
31392
31407
31441
31490
31500
31557
31602
31651
31678
31685
31714
31738
31765
31772
31843
31855
31865
31866
31900
31934
31939
31965
31966
31980
32011
32016
32023
32039
32051
32053
32067
32083
32086
32113
32176
32188
32198
32252
32356
32359
32418
32433
32491
32517
32526
32545
32546
32553
32555
32556
32573
32581
32654
32675
32714
32804
32818
32835
32955
32995
33029
33031
33045
33054
33076
33093
33152
33178
33185
33194
33213
33219
33277
33302
33311
33334
33401
33403
33414
33430
33441
33456
33465
33470
33517
33588
33595
33599
33621
33633
33646
33663
33686
33702
33714
33735
33788
33789
33790
33798
33847
33855
33895
33925
33941
33957
34007
34015
34096
34101
34108
34115
34168
34189
34201
34261
34263
34271
34274
34275
34299
34311
34367
34369
34373
34411
34434
34455
34478
34485
34507
34541
34551
34566
34568
34582
34603
34608
34620
34624
34628
34657
34663
34695
34753
34763
34795
34799
34819
34846
34869
34888
34892
34896
34923
34982
34985
35033
35110
35114
35207
35275
35287
35299
35307
35327
35338
35358
35363
35387
35393
35414
35447
35454
35493
35509
35515
35518
35542
35549
35564
35566
35585
35587
35597
35621
35658
35670
35689
35731
35733
35754
35761
35814
35819
35854
35903
36001
36012
36019
36060
36074
36095
36097
36103
36152
36205
36234
36284
36288
36298
36386
36395
36411
36426
36477
36484
36501
36531
36537
36639
36660
36704
36740
36762
36798
36806
36810
36821
36849
36895
36905
36935
36959
36966
36999
37095
37100
37126
37129
37144
37151
37166
37207
37286
37299
37311
37320
37323
37332
37334
37367
37373
37383
37391
37394
37398
37461
37517
37535
37581
37601
37617
37626
37634
37681
37709
37715
37743
37747
37779
37780
37788
37853
37864
37869
37918
37927
37948
37972
37974
37998
38001
38028
38032
38052
38081
38102
38116
38131
38190
38214
38222
38231
38244
38269
38328
38349
38370
38375
38395
38420
38442
38461
38522
38534
38565
38569
38592
38653
38662
38665
38707
38737
38746
38829
38849
38860
38904
38952
38963
38970
38991
38998
39043
39052
39105
39128
39136
39143
39161
39179
39219
39242
39265
39333
39359
39395
39406
39473
39489
39530
39542
39545
39546
39586
39597
39636
39662
39694
39735
39736
39754
39756
39784
39819
39955
39966
39986
39998
40006
40029
40059
40075
40119
40152
40258
40272
40289
40328
40334
40355
40358
40373
40374
40396
40406
40410
40431
40464
40521
40524
40527
40571
40613
40614
40645
40682
40713
40731
40764
40771
40788
40811
40852
40858
40862
40869
40919
40929
41016
41024
41026
41044
41060
41094
41106
41156
41169
41180
41204
41228
41244
41256
41273
41333
41377
41404
41408
41420
41421
41429
41456
41478
41548
41557
41564
41596
41617
41682
41739
41813
41854
41884
41909
41937
41956
41984
41988
42004
42012
42042
42048
42120
42144
42193
42204
42324
42339
42378
42425
42495
42635
42647
42666
42669
42715
42732
42746
42752
42758
42760
42873
42883
42902
42936
42956
42964
42972
43030
43066
43115
43132
43177
43254
43319
43324
43342
43352
43366
43373
43416
43447
43467
43511
43521
43554
43562
43583
43620
43643
43674
43700
43735
43743
43758
43765
43785
43808
43840
43855
43857
43864
43900
43927
43934
44008
44010
44027
44055
44058
44063
44167
44182
44185
44197
44210
44270
44282
44284
44340
44351
44367
44371
44372
44384
44392
44395
44415
44418
44434
44445
44491
44496
44512
44528
44544
44547
44562
44606
44612
44666
44690
44691
44701
44702
44708
44724
44739
44770
44777
44794
44799
44813
44876
44913
44947
44973
45007
45031
45037
45171
45199
45221
45225
45226
45262
45273
45280
45369
45390
45407
45443
45445
45470
45500
45505
45514
45519
45546
45562
45575
45642
45706
45734
45797
45836
45852
45863
45892
45901
45915
45990
46000
46013
46039
46056
46081
46106
46116
46117
46131
46165
46191
46228
46241
46288
46316
46317
46330
46333
46340
46355
46356
46360
46414
46456
46488
46511
46513
46514
46540
46549
46576
46629
46630
46648
46652
46655
46705
46728
46745
46806
46810
46829
46835
46898
46908
46949
46951
46987
47049
47074
47085
47086
47106
47120
47150
47163
47195
47215
47334
47347
47357
47358
47369
47403
47408
47441
47491
47519
47522
47562
47594
47618
47647
47707
47710
47724
47759
47760
47776
47778
47830
47843
47846
47861
47863
47876
47892
47915
47927
47956
48001
48008
48063
48067
48106
48124
48166
48171
48202
48259
48274
48283
48295
48333
48336
48345
48348
48362
48413
48416
48417
48461
48503
48514
48524
48530
48543
48546
48549
48568
48582
48591
48605
48612
48626
48724
48728
48729
48751
48801
48831
48923
48971
48991
48993
49013
49038
49045
49074
49102
49120
49128
49203
49215
49262
49279
49314
49329
49333
49372
49420
49447
49471
49477
49489
49497
49507
49577
49616
49637
49661
49679
49701
49710
49733
49746
49758
49809
49817
49820
49823
49840
49896
49897
49899
49917
50003
50013
50024
50027
50062
50097
50107
50123
50139
50142
50150
50170
50218
50230
50252
50352
50370
50385
50421
50432
50448
50487
50492
50525
50528
50530
50537
50541
50545
50614
50649
50663
50736
50752
50803
50813
50831
50842
50887
50912
50917
50927
50941
50954
50959
50963
51007
51008
51009
51013
51016
51060
51064
51091
51161
51176
51204
51217
51224
51228
51235
51236
51251
51276
51318
51419
51443
51550
51551
51557
51576
51648
51674
51697
51714
51718
51730
51740
51743
51745
51776
51791
51827
51836
51845
51853
51856
51901
51906
51907
51966
51967
51987
52005
52051
52065
52081
52104
52122
52139
52144
52152
52157
52159
52160
52205
52217
52227
52278
52282
52321
52349
52372
52397
52415
52421
52460
52461
52543
52580
52596
52604
52614
52633
52753
52766
52796
52813
52818
52885
52924
52972
52975
53022
53048
53060
53170
53194
53224
53242
53247
53248
53259
53260
53360
53366
53368
53482
53505
53536
53581
53631
53635
53645
53695
53738
53767
53778
53784
53814
53828
53840
53852
53856
53889
53891
53902
53903
53904
53936
54032
54060
54067
54071
54100
54145
54148
54149
54168
54173
54245
54250
54254
54263
54282
54298
54326
54351
54354
54414
54422
54423
54424
54445
54453
54455
54468
54503
54527
54537
54556
54558
54572
54590
54643
54652
54655
54688
54717
54740
54790
54836
54867
54877
54883
54898
54901
54909
55026
55044
55058
55097
55101
55141
55203
55206
55214
55218
55227
55250
55260
55306
55323
55339
55345
55355
55365
55386
55412
55426
55428
55461
55463
55486
55489
55498
55507
55517
55520
55523
55558
55564
55577
55595
55599
55611
55631
55637
55661
55670
55687
55714
55723
55734
55736
55888
55925
55955
55966
55980
56014
56049
56053
56085
56102
56116
56123
56124
56144
56150
56159
56163
56217
56344
56365
56385
56389
56396
56436
56500
56518
56560
56567
56572
56580
56586
56627
56632
56644
56656
56668
56671
56720
56755
56772
56808
56824
56828
56837
56854
56857
56877
56879
56891
56960
56982
56989
56993
57005
57023
57034
57052
57149
57190
57205
57220
57307
57337
57367
57403
57412
57421
57444
57499
57516
57533
57561
57573
57574
57579
57617
57687
57824
57832
57838
57865
57875
57885
57897
57944
57980
57990
58013
58071
58083
58103
58114
58124
58177
58206
58234
58338
58369
58404
58434
58458
58508
58555
58603
58665
58683
58737
58742
58766
58777
58900
58905
59064
59116
59129
59156
59178
59184
59244
59253
59259
59280
59302
59325
59329
59400
59402
59419
59458
59490
59527
59536
59578
59589
59590
59626
59640
59672
59688
59841
59843
59844
59857
59867
59891
59916
59991
