10
45
50
92
117
152
177
182
223
241
259
265
284
296
366
410
434
448
487
525
537
554
672
680
704
715
775
801
814
824
826
857
869
881
886
925
931
945
1002
1018
1036
1048
1096
1141
1143
1183
1195
1214
1229
1300
1309
1358
1401
1436
1441
1447
1462
1487
1488
1496
1515
1546
1595
1598
1605
1672
1730
1747
1753
1775
1777
1793
1820
1847
1890
1894
1909
1952
1963
2012
2013
2069
2098
2163
2169
2173
2197
2204
2228
2299
2326
2329
2351
2384
2395
2439
2459
2478
2502
2564
2567
2583
2597
2604
2606
2614
2617
2635
2697
2730
2752
2755
2761
2776
2802
2819
2850
2856
2872
2884
2893
2899
2912
2992
2993
3032
3033
3092
3098
3101
3102
3120
3123
3208
3272
3286
3307
3326
3333
3337
3369
3394
3398
3433
3445
3466
3567
3568
3570
3610
3613
3622
3662
3673
3687
3718
3744
3766
3845
3932
3934
3935
3947
3962
3968
3976
4009
4017
4018
4085
4107
4156
4196
4224
4236
4246
4292
4293
4301
4306
4334
4341
4373
4376
4395
4397
4412
4427
4463
4487
4508
4516
4535
4577
4619
4663
4677
4716
4731
4734
4784
4792
4907
4946
4958
5002
5055
5099
5106
5125
5132
5163
5166
5204
5227
5240
5259
5264
5271
5293
5330
5339
5346
5408
5418
5432
5504
5506
5541
5551
5566
5574
5591
5624
5643
5661
5666
5699
5700
5706
5717
5727
5731
5806
5817
5818
5878
5916
5922
5951
5966
5998
6027
6029
6065
6073
6102
6152
6155
6193
6200
6210
6235
6247
6331
6449
6452
6458
6545
6584
6590
6596
6610
6625
6632
6634
6655
6662
6683
6684
6721
6729
6859
6876
6969
6980
7037
7046
7080
7088
7089
7093
7145
7175
7188
7205
7219
7231
7255
7263
7265
7290
7301
7312
7327
7368
7384
7402
7511
7541
7596
7618
7635
7644
7676
7681
7686
7722
7796
7837
7839
7843
7850
7865
7898
7914
7937
7939
7958
7981
8022
8047
8055
8056
8063
8064
8066
8073
8171
8176
8205
8246
8282
8284
8325
8342
8369
8382
8396
8425
8434
8440
8566
8571
8573
8593
8628
8641
8650
8680
8752
8761
8774
8831
8885
8895
8908
8927
8937
8945
9001
9010
9036
9042
9044
9115
9123
9134
9137
9155
9190
9207
9231
9252
9315
9329
9349
9376
9389
9392
9539
9547
9595
9620
9639
9712
9776
9783
9788
9814
9850
9853
9908
9915
9917
9954
9967
10000
10005
10015
10033
10039
10045
10069
10099
10129
10150
10161
10180
10224
10229
10280
10350
10359
10364
10445
10468
10486
10498
10563
10604
10633
10667
10694
10696
10816
10839
10861
10909
10911
10970
10985
11032
11097
11103
11110
11117
11152
11161
11176
11177
11367
11400
11427
11463
11509
11518
11544
11581
11631
11652
11680
11728
11730
11732
11764
11771
11791
11810
11813
11820
11861
11875
11918
11934
11946
11984
11999
12009
12015
12053
12083
12088
12090
12095
12098
12117
12169
12203
12209
12250
12257
12296
12305
12394
12413
12438
12464
12465
12470
12502
12503
12507
12579
12594
12619
12624
12661
12710
12764
12771
12780
12783
12801
12829
12842
12916
12919
12936
12962
12976
12988
13028
13087
13131
13147
13179
13189
13198
13232
13233
13269
13296
13405
13406
13499
13506
13517
13523
13541
13543
13549
13657
13686
13703
13728
13746
13749
13824
13913
13922
13927
13985
13989
13995
14026
14090
14112
14171
14178
14193
14219
14263
14287
14292
14302
14352
14383
14384
14406
14482
14488
14499
14523
14566
14585
14586
14594
14627
14644
14656
14671
14679
14749
14760
14803
14812
14889
14921
14929
14933
14935
14972
14985
14991
15078
15091
15105
15114
15212
15248
15254
15275
15318
15323
15350
15352
15377
15384
15401
15468
15482
15497
15573
15594
15595
15601
15623
15631
15695
15712
15713
15732
15742
15771
15848
15876
15893
15914
15916
15976
16020
16084
16135
16167
16243
16247
16332
16333
16343
16421
16452
16505
16521
16524
16535
16558
16568
16593
16617
16619
16667
16694
16698
16716
16734
16742
16770
16823
16834
16854
16909
16941
16946
16970
16973
16982
17004
17041
17050
17083
17124
17176
17243
17247
17261
17278
17288
17299
17304
17331
17360
17372
17409
17423
17431
17442
17535
17548
17555
17564
17690
17693
17711
17751
17758
17781
17857
17885
17888
17911
17925
17931
17942
17984
18019
18041
18045
18155
18213
18236
18265
18267
18348
18356
18373
18384
18391
18429
18450
18488
18489
18500
18517
18546
18550
18636
18651
18669
18672
18750
18800
18810
18815
18880
18881
18885
18907
18927
18960
18965
18987
19043
19044
19048
19049
19066
19069
19087
19094
19103
19137
19178
19264
19297
19307
19308
19327
19408
19492
19550
19604
19612
19618
19649
19661
19684
19694
19746
19753
19763
19786
19802
19821
19827
19835
19836
19860
19907
19957
19963
19967
19971
19973
19979
20005
20024
20154
20180
20191
20202
20207
20232
20236
20241
20250
20258
20269
20272
20277
20283
20331
20335
20344
20359
20361
20362
20391
20395
20470
20474
20483
20524
20527
20549
20556
20559
20560
20577
20658
20667
20696
20752
20828
20842
20855
20887
20893
20895
20900
20902
20981
20992
21029
21033
21055
21112
21145
21164
21175
21216
21231
21236
21312
21359
21375
21405
21407
21423
21453
21461
21530
21552
21558
21596
21610
21634
21719
21729
21753
21763
21769
21773
21890
21927
21957
21960
21979
22001
22016
22048
22061
22091
22099
22109
22144
22161
22168
22214
22219
22242
22251
22270
22280
22305
22320
22327
22342
22349
22375
22423
22427
22447
22483
22526
22558
22574
22593
22603
22608
22660
22724
22728
22733
22734
22784
22795
22835
22868
22876
22902
22947
22954
22964
22966
22975
22984
22990
23031
23056
23092
23123
23124
23141
23151
23193
23244
23269
23330
23386
23393
23413
23417
23425
23439
23468
23509
23540
23543
23624
23647
23667
23685
23773
23780
23788
23790
23799
23805
23842
23855
23899
23929
23946
23966
24004
24008
24053
24057
24081
24095
24134
24150
24183
24214
24232
24251
24257
24277
24342
24356
24405
24415
24429
24457
24463
24489
24508
24511
24522
24534
24549
24552
24572
24596
24597
24625
24654
24672
24692
24719
24721
24752
24781
24801
24834
24841
24858
24881
24883
24890
24944
24954
24988
25027
25050
25091
25125
25144
25172
25193
25210
25214
25220
25252
25260
25278
25319
25341
25364
25375
25412
25414
25421
25424
25429
25463
25481
25489
25561
25600
25637
25693
25699
25708
25709
25783
25793
25826
25846
25858
25883
25922
25969
25992
25997
26045
26089
26092
26100
26107
26149
26156
26195
26248
26264
26277
26281
26289
26300
26318
26340
26352
26356
26371
26380
26382
26470
26478
26493
26513
26516
26531
26536
26562
26575
26579
26581
26605
26613
26629
26632
26644
26672
26695
26708
26722
26737
26754
26765
26772
26782
26793
26820
26829
26860
26867
26897
26912
26959
26960
27003
27008
27009
27038
27044
27049
27079
27083
27112
27121
27128
27129
27184
27212
27214
27235
27276
27301
27327
27360
27375
27381
27404
27438
27451
27466
27467
27495
27503
27512
27518
27526
27573
27582
27645
27655
27657
27659
27681
27695
27719
27722
27759
27761
27762
27770
27822
27837
27886
27894
27922
27932
27935
27944
27955
27981
27996
28002
28004
28071
28101
28129
28165
28223
28251
28277
28280
28301
28308
28326
28334
28342
28361
28371
28424
28434
28456
28468
28482
28492
28500
28507
28539
28572
28614
28644
28690
28704
28755
28761
28812
28870
28928
28942
28947
28975
28981
28995
29005
29046
29083
29167
29184
29204
29242
29250
29270
29288
29295
29302
29428
29429
29434
29491
29501
29506
29549
29553
29563
29576
29607
29658
29678
29695
29705
29707
29722
29727
29776
29784
29789
29794
29795
29801
29803
29837
29883
29922
29969
29972
30024
30044
30054
30109
30120
30121
30133
30142
30155
30168
30180
30196
30212
30240
30267
30277
30295
30300
30356
30359
30372
30397
30430
30436
30455
30478
30479
30501
30540
30576
30639
30645
30680
30685
30696
30705
30732
30761
30762
30790
30816
30817
30828
30857
30860
30893
30912
30960
30966
31084
31105
31112
31121
31124
31159
31190
31230
31233
31262
31278
31281
31293
31335
31342
31371
31450
31484
31532
31565
31566
31598
31603
31686
31717
31729
31795
31804
31809
31828
31849
31868
31886
31890
31931
32038
32043
32120
32157
32192
32194
32195
32257
32263
32267
32275
32314
32360
32384
32386
32403
32454
32501
32503
32519
32543
32547
32560
32571
32593
32596
32648
32660
32668
32672
32681
32692
32751
32764
32789
32843
32847
32848
32879
32925
32936
32939
32950
32952
32989
33126
33127
33128
33169
33199
33201
33208
33221
33228
33232
33285
33304
33338
33347
33383
33412
33437
33474
33542
33593
33596
33609
33618
33622
33645
33653
33660
33671
33677
33744
33761
33774
33783
33808
33839
33866
33869
33892
33907
33909
33918
33933
33934
33979
34006
34060
34107
34151
34159
34184
34209
34232
34257
34278
34296
34307
34328
34339
34361
34374
34415
34433
34441
34477
34490
34496
34521
34525
34637
34645
34656
34676
34689
34837
34850
34870
34887
34916
34948
34949
34962
34976
34989
34991
34997
35020
35046
35052
35140
35144
35151
35189
35213
35236
35309
35399
35410
35500
35519
35543
35546
35558
35560
35590
35607
35629
35652
35664
35684
35694
35736
35743
35827
35842
35846
35850
35856
35872
35899
35933
35934
35952
35991
36038
36101
36159
36218
36221
36242
36250
36296
36301
36312
36332
36341
36373
36384
36414
36420
36433
36453
36464
36483
36516
36529
36546
36557
36567
36572
36679
36688
36690
36731
36773
36813
36893
36948
36993
37005
37017
37019
37029
37058
37068
37104
37105
37133
37152
37294
37379
37403
37411
37413
37468
37498
37519
37542
37561
37605
37629
37638
37644
37659
37662
37666
37670
37690
37705
37712
37735
37744
37749
37786
37798
37800
37823
37844
37863
37884
37890
37911
37934
37940
37946
37951
37959
37962
38022
38027
38038
38062
38101
38129
38228
38270
38271
38281
38296
38309
38323
38352
38361
38367
38385
38438
38444
38449
38496
38548
38560
38586
38605
38618
38660
38680
38685
38740
38782
38793
38820
38828
38847
38854
38872
38910
38926
38962
39011
39023
39048
39069
39090
39132
39165
39187
39207
39215
39270
39311
39335
39338
39368
39369
39427
39430
39475
39549
39628
39632
39638
39651
39656
39660
39686
39708
39742
39780
39787
39790
39805
39813
39814
39833
39834
39844
39850
39854
39856
39880
39932
39941
39995
40134
40143
40148
40181
40300
40359
40384
40413
40466
40482
40489
40525
40596
40602
40610
40650
40655
40673
40698
40720
40722
40723
40734
40736
40738
40757
40783
40851
40877
40895
40915
40921
40924
40978
40995
40996
41000
41014
41017
41035
41068
41077
41086
41110
41124
41143
41146
41152
41155
41189
41202
41235
41279
41292
41343
41379
41392
41396
41407
41458
41466
41507
41510
41554
41567
41578
41618
41674
41689
41719
41729
41734
41756
41776
41788
41902
41903
41906
41913
41924
41933
41946
41950
41968
42010
42023
42078
42132
42137
42139
42143
42149
42167
42263
42267
42282
42342
42420
42424
42436
42468
42554
42564
42590
42604
42609
42633
42634
42645
42650
42687
42737
42740
42742
42756
42762
42771
42805
42827
42841
42945
42957
42979
43043
43058
43096
43105
43124
43125
43137
43165
43196
43216
43237
43241
43267
43274
43278
43281
43350
43388
43406
43432
43435
43440
43481
43485
43490
43509
43518
43524
43537
43585
43598
43615
43658
43708
43725
43731
43762
43782
43811
43879
43914
43919
43941
43978
44026
44074
44075
44128
44153
44202
44228
44276
44314
44330
44378
44397
44409
44419
44460
44524
44527
44543
44576
44616
44631
44643
44649
44663
44801
44816
44824
44858
44868
44875
44878
44902
44968
44983
45003
45008
45024
45066
45072
45088
45112
45122
45157
45162
45190
45210
45256
45266
45288
45293
45307
45310
45317
45325
45340
45363
45367
45380
45386
45393
45501
45543
45581
45584
45610
45619
45645
45659
45667
45762
45814
45820
45844
45873
45890
45894
45905
45910
45955
45993
46011
46059
46071
46089
46110
46118
46130
46132
46133
46167
46168
46169
46221
46280
46352
46353
46387
46401
46434
46503
46556
46557
46562
46588
46606
46626
46669
46686
46696
46784
46842
46874
46906
46907
46930
46962
47001
47004
47012
47033
47057
47061
47121
47152
47204
47220
47242
47245
47255
47278
47283
47294
47325
47346
47370
47388
47393
47411
47418
47454
47473
47527
47571
47580
47592
47599
47606
47611
47636
47655
47671
47682
47684
47686
47716
47787
47788
47794
47817
47829
47835
47844
47853
47862
47867
47874
47910
47924
47926
48003
48017
48027
48057
48070
48091
48100
48116
48126
48188
48207
48228
48268
48329
48341
48371
48384
48504
48560
48570
48581
48598
48651
48666
48684
48692
48740
48742
48768
48780
48826
48843
48852
48872
48891
48894
48904
48914
48916
48951
48983
49046
49070
49108
49110
49137
49141
49150
49158
49201
49260
49263
49271
49283
49306
49310
49390
49396
49414
49422
49457
49465
49479
49524
49554
49660
49668
49671
49771
49804
49853
49863
49869
49873
49975
49979
50005
50018
50121
50133
50155
50164
50179
50277
50310
50329
50382
50406
50413
50508
50509
50517
50529
50546
50613
50621
50659
50720
50732
50740
50808
50812
50827
50851
50852
50911
50925
50974
51040
51121
51129
51138
51151
51165
51169
51197
51231
51272
51282
51345
51360
51367
51376
51381
51384
51386
51398
51403
51408
51420
51421
51451
51458
51486
51492
51560
51567
51575
51587
51611
51635
51646
51659
51700
51732
51796
51834
51866
51869
51882
51913
51937
52015
52023
52030
52070
52088
52133
52138
52178
52181
52191
52244
52256
52257
52258
52289
52295
52306
52310
52348
52357
52369
52374
52386
52392
52395
52448
52493
52518
52534
52545
52553
52591
52601
52623
52667
52699
52763
52780
52795
52798
52886
52938
52952
52998
53010
53028
53031
53143
53153
53172
53173
53177
53209
53221
53227
53231
53268
53282
53337
53341
53342
53377
53378
53514
53549
53574
53627
53639
53652
53655
53678
53680
53719
53783
53796
53888
53900
53971
53974
54023
54054
54058
54065
54103
54105
54125
54139
54158
54179
54198
54301
54375
54378
54400
54402
54425
54431
54432
54443
54449
54458
54467
54502
54526
54529
54540
54569
54583
54600
54603
54612
54616
54633
54651
54660
54669
54692
54713
54729
54736
54738
54743
54785
54793
54799
54803
54829
54854
54925
54948
54950
54990
55005
55036
55042
55053
55055
55062
55144
55163
55183
55217
55231
55357
55378
55399
55402
55425
55436
55481
55515
55541
55576
55585
55682
55692
55699
55750
55795
55835
55836
55839
55874
55911
55977
55985
56026
56028
56034
56107
56148
56166
56225
56240
56265
56277
56279
56324
56347
56361
56367
56380
56407
56429
56433
56441
56450
56462
56465
56490
56514
56550
56561
56563
56575
56598
56628
56701
56716
56728
56751
56766
56814
56835
56858
56896
56901
56908
56962
56963
57012
57019
57030
57069
57081
57117
57135
57157
57161
57187
57198
57203
57230
57239
57248
57278
57316
57324
57329
57336
57340
57352
57356
57363
57372
57373
57391
57392
57393
57411
57426
57447
57452
57454
57459
57496
57512
57515
57521
57524
57525
57552
57564
57608
57611
57620
57627
57635
57656
57682
57724
57764
57804
57841
57857
57860
57861
57888
57912
57922
57948
57987
58015
58033
58069
58153
58172
58181
58182
58188
58231
58280
58296
58313
58333
58343
58348
58375
58417
58420
58468
58534
58554
58599
58604
58614
58638
58655
58662
58680
58684
58745
58803
58840
58885
58949
58970
58976
59046
59053
59056
59060
59092
59096
59099
59155
59286
59299
59342
59360
59364
59383
59393
59432
59436
59501
59518
59541
59571
59577
59594
59599
59681
59697
59717
59721
59730
59775
59810
59866
59918
59920
59927
59934
59936
59939
59942
59944
59961
59967
59983
