63
75
87
112
115
119
131
196
198
220
243
294
306
309
363
369
382
426
442
466
490
516
518
527
531
549
571
576
609
617
621
631
633
634
660
667
703
714
727
778
810
820
828
901
946
963
1024
1026
1047
1071
1078
1080
1092
1115
1190
1192
1203
1211
1245
1270
1281
1295
1383
1393
1396
1399
1464
1489
1506
1511
1526
1554
1574
1586
1606
1649
1704
1712
1736
1746
1751
1765
1803
1821
1835
1840
1880
1964
1983
2018
2134
2138
2179
2183
2188
2232
2285
2341
2346
2350
2361
2368
2394
2477
2513
2545
2590
2591
2608
2618
2625
2652
2658
2682
2692
2728
2828
2836
2854
2891
2894
2901
2922
2942
2953
2956
2971
2995
3041
3074
3121
3148
3154
3157
3183
3185
3204
3234
3240
3265
3309
3360
3361
3377
3430
3459
3506
3516
3541
3574
3608
3611
3616
3645
3676
3788
3804
3842
3843
3847
3848
3875
3878
3886
3921
3938
3941
4001
4024
4055
4073
4079
4082
4084
4091
4093
4104
4114
4131
4191
4199
4205
4220
4240
4308
4326
4340
4413
4430
4431
4444
4469
4471
4495
4526
4556
4563
4593
4609
4628
4648
4657
4684
4694
4699
4723
4728
4787
4838
4841
4848
4869
4874
4880
4894
4920
4936
4949
4970
4981
5012
5017
5047
5070
5172
5173
5214
5224
5256
5275
5276
5283
5290
5334
5355
5369
5386
5441
5456
5473
5495
5496
5502
5517
5527
5539
5572
5588
5599
5664
5682
5695
5718
5729
5741
5760
5777
5789
5866
5871
5876
5918
5924
5949
6010
6062
6083
6087
6126
6157
6161
6197
6206
6231
6276
6324
6415
6470
6539
6559
6567
6619
6628
6629
6640
6688
6703
6706
6707
6753
6755
6796
6824
6840
6852
6887
6992
7079
7125
7143
7168
7181
7244
7248
7284
7302
7308
7321
7331
7335
7354
7370
7380
7407
7431
7455
7488
7504
7506
7520
7551
7554
7583
7589
7603
7649
7650
7664
7684
7699
7705
7757
7795
7822
7826
7863
7885
7892
7924
7945
7965
7977
8003
8011
8017
8021
8074
8079
8087
8097
8153
8161
8175
8201
8212
8264
8276
8279
8285
8316
8336
8381
8397
8418
8438
8449
8456
8471
8516
8531
8556
8558
8595
8598
8619
8651
8677
8698
8757
8796
8799
8828
8854
8863
8918
8950
8988
9009
9035
9040
9063
9073
9108
9141
9150
9176
9243
9253
9259
9262
9281
9300
9332
9333
9343
9345
9352
9357
9364
9390
9434
9450
9474
9531
9618
9701
9705
9750
9770
9784
9805
9807
9862
9885
9975
9976
10031
10035
10049
10117
10121
10132
10137
10188
10225
10258
10261
10269
10279
10307
10448
10490
10550
10616
10660
10719
10741
10742
10748
10757
10795
10815
10823
10833
10887
10953
10962
10979
10992
10995
11067
11121
11128
11173
11240
11310
11318
11343
11478
11486
11591
11597
11613
11627
11641
11691
11693
11698
11701
11718
11737
11738
11753
11772
11786
11806
11830
11892
11904
11915
11930
11932
11939
11947
11953
11956
11959
11971
11973
11979
11980
11983
11986
12021
12055
12061
12072
12130
12149
12157
12160
12206
12240
12255
12256
12286
12308
12378
12389
12402
12406
12444
12455
12475
12483
12499
12513
12514
12526
12540
12541
12571
12602
12633
12634
12665
12693
12726
12742
12761
12770
12856
12865
12881
12989
13006
13043
13070
13106
13140
13173
13208
13241
13285
13309
13327
13353
13397
13452
13468
13491
13531
13544
13546
13547
13560
13583
13589
13621
13635
13647
13689
13693
13714
13731
13755
13791
13796
13826
13830
13841
13866
13886
13917
13946
13964
13987
13988
14007
14013
14016
14023
14036
14079
14083
14101
14103
14108
14137
14154
14165
14235
14275
14281
14300
14314
14359
14371
14379
14391
14403
14434
14464
14528
14537
14596
14604
14610
14612
14633
14664
14673
14746
14756
14780
14883
14899
14940
15007
15095
15174
15213
15224
15238
15272
15274
15292
15338
15341
15346
15366
15410
15439
15471
15502
15533
15545
15550
15563
15565
15579
15581
15630
15637
15683
15701
15791
15795
15820
15830
15908
15918
15940
15995
16077
16095
16108
16111
16114
16129
16168
16180
16198
16221
16238
16242
16277
16322
16329
16345
16349
16388
16396
16397
16428
16439
16458
16480
16487
16493
16517
16527
16537
16575
16586
16597
16621
16628
16653
16672
16724
16762
16791
16801
16802
16830
16833
16840
16855
16864
16944
16959
16991
17012
17029
17030
17058
17103
17105
17157
17172
17189
17257
17283
17321
17335
17348
17377
17479
17482
17492
17543
17556
17586
17633
17639
17652
17683
17714
17715
17765
17766
17780
17782
17821
17832
17846
17859
17879
17891
17912
17915
17929
17936
17980
18051
18071
18072
18112
18122
18148
18177
18179
18183
18185
18223
18253
18302
18339
18361
18382
18452
18513
18524
18536
18542
18565
18572
18595
18601
18630
18634
18643
18649
18660
18665
18696
18698
18704
18744
18753
18754
18770
18819
18848
18867
18911
18933
18938
18939
18940
18941
18973
18979
18986
18992
19024
19076
19077
19078
19109
19111
19119
19123
19125
19197
19200
19252
19323
19326
19332
19336
19358
19360
19363
19417
19436
19440
19466
19469
19486
19544
19565
19606
19615
19640
19699
19707
19712
19716
19766
19806
19816
19843
19905
20023
20046
20095
20098
20103
20107
20123
20159
20179
20195
20256
20292
20298
20311
20320
20339
20341
20369
20415
20442
20502
20525
20550
20586
20589
20594
20596
20608
20653
20672
20704
20715
20751
20790
20816
20821
20825
20840
20853
20896
20901
20930
20940
20968
21028
21034
21119
21126
21149
21248
21254
21309
21334
21373
21377
21378
21441
21445
21466
21490
21514
21535
21585
21713
21736
21740
21757
21762
21790
21860
21872
21889
21893
21915
21959
21964
21994
22007
22008
22057
22078
22188
22200
22228
22257
22357
22366
22390
22419
22422
22469
22479
22495
22564
22569
22571
22572
22625
22631
22662
22693
22708
22746
22803
22819
22851
22855
22857
22859
22875
22922
22957
22970
22992
23033
23089
23098
23099
23158
23165
23177
23181
23207
23274
23300
23411
23429
23432
23435
23436
23447
23490
23520
23526
23533
23546
23565
23587
23604
23749
23820
23865
23876
23941
23942
23970
23986
24050
24067
24070
24080
24094
24108
24121
24160
24196
24206
24221
24231
24236
24239
24254
24319
24320
24349
24366
24380
24394
24411
24427
24441
24451
24455
24477
24478
24505
24564
24607
24627
24638
24694
24731
24747
24756
24757
24764
24804
24893
24899
24956
25001
25041
25142
25164
25190
25222
25272
25279
25316
25358
25362
25387
25508
25539
25587
25593
25597
25628
25700
25702
25710
25718
25733
25734
25746
25777
25812
25862
25887
25938
26017
26034
26081
26097
26143
26168
26171
26188
26229
26339
26355
26467
26488
26498
26509
26511
26526
26543
26602
26623
26646
26683
26685
26714
26721
26766
26861
26883
26894
26916
27006
27016
27059
27082
27122
27138
27174
27179
27193
27210
27233
27256
27270
27271
27292
27310
27345
27351
27420
27423
27433
27490
27524
27543
27622
27632
27795
27803
27871
27875
27884
27896
27898
27917
27919
27920
27967
27983
28033
28036
28074
28089
28111
28113
28137
28147
28162
28173
28206
28215
28234
28258
28276
28284
28291
28295
28330
28343
28349
28409
28427
28444
28455
28466
28471
28488
28512
28560
28563
28666
28728
28739
28751
28837
28874
28932
28994
28997
29067
29115
29166
29192
29280
29283
29309
29318
29320
29324
29346
29372
29413
29458
29524
29561
29594
29603
29620
29630
29631
29700
29712
29755
29761
29800
29806
29824
29838
29869
29882
29945
29955
29957
29964
29968
29975
30010
30027
30052
30056
30070
30081
30083
30091
30174
30192
30230
30275
30276
30290
30324
30332
30344
30347
30360
30369
30373
30398
30413
30431
30472
30484
30491
30516
30521
30531
30538
30544
30564
30566
30583
30637
30672
30734
30749
30769
30897
30914
30943
31025
31032
31039
31049
31062
31137
31186
31202
31211
31218
31240
31249
31265
31284
31299
31324
31350
31351
31376
31396
31423
31459
31461
31472
31481
31504
31525
31528
31535
31549
31563
31578
31611
31658
31667
31672
31721
31754
31758
31819
31824
31825
31841
31893
31928
31964
32007
32055
32109
32169
32181
32197
32221
32278
32282
32325
32365
32377
32385
32410
32417
32439
32483
32499
32507
32527
32569
32570
32572
32611
32616
32643
32664
32684
32784
32811
32829
32924
32962
32973
32977
33000
33011
33014
33035
33062
33075
33133
33143
33155
33161
33182
33244
33270
33272
33340
33355
33378
33413
33429
33518
33559
33594
33617
33635
33654
33666
33685
33706
33716
33732
33752
33757
33843
33856
33890
33906
33942
34011
34032
34105
34128
34143
34150
34182
34238
34243
34290
34323
34325
34337
34350
34354
34412
34436
34454
34462
34484
34503
34559
34673
34723
34727
34730
34762
34768
34782
34787
34886
34889
34919
34963
34965
34999
35006
35145
35170
35210
35214
35221
35250
35331
35367
35385
35404
35426
35436
35446
35452
35481
35496
35535
35562
35572
35577
35606
35612
35626
35634
35698
35730
35734
35776
35794
35808
35832
35862
35875
35878
35925
35945
35959
35982
35993
35999
36028
36088
36113
36120
36123
36139
36140
36157
36167
36173
36197
36225
36238
36257
36276
36303
36308
36316
36354
36358
36371
36440
36460
36474
36498
36502
36590
36624
36676
36680
36714
36737
36756
36768
36770
36786
36796
36801
36850
36879
36900
36910
36924
36931
36941
36984
36988
36996
37027
37034
37066
37076
37093
37101
37106
37127
37134
37137
37138
37171
37199
37213
37222
37234
37264
37292
37336
37369
37378
37380
37418
37425
37441
37484
37485
37490
37551
37582
37584
37587
37645
37700
37707
37717
37718
37731
37774
37811
37821
37828
37830
37902
37917
37985
38087
38091
38159
38186
38189
38203
38224
38233
38248
38287
38290
38292
38294
38298
38318
38327
38333
38346
38356
38404
38435
38454
38458
38468
38492
38495
38566
38574
38589
38603
38604
38639
38661
38678
38682
38709
38749
38751
38767
38780
38784
38821
38918
38922
38945
38953
39018
39075
39084
39169
39217
39221
39238
39243
39245
39253
39284
39318
39323
39361
39396
39481
39523
39612
39643
39666
39696
39732
39748
39764
39769
39795
39815
39849
39907
39909
39940
39946
39948
39980
40046
40099
40104
40116
40147
40180
40267
40280
40293
40317
40456
40473
40492
40503
40516
40517
40518
40561
40586
40604
40694
40724
40730
40747
40759
40772
40799
40892
40898
40909
40910
40912
40914
40958
40967
40979
41002
41007
41010
41022
41023
41029
41036
41041
41050
41052
41063
41082
41101
41103
41131
41194
41200
41207
41213
41246
41259
41263
41297
41298
41368
41406
41468
41470
41506
41511
41558
41577
41588
41614
41621
41625
41629
41630
41631
41635
41657
41664
41695
41696
41697
41700
41725
41793
41820
41834
41851
41858
41870
41890
41907
41911
41935
41953
41983
41996
42022
42056
42089
42105
42110
42170
42202
42285
42293
42298
42326
42329
42349
42353
42361
42379
42401
42474
42501
42503
42504
42539
42547
42576
42637
42698
42722
42755
42763
42792
42820
42823
42831
42854
42858
42863
42895
42901
42938
42994
42996
43025
43063
43065
43072
43093
43128
43130
43138
43141
43179
43180
43191
43214
43217
43231
43251
43268
43293
43322
43341
43345
43357
43413
43431
43478
43505
43530
43539
43579
43582
43589
43606
43607
43644
43669
43686
43691
43716
43723
43727
43752
43763
43778
43794
43823
43826
43883
43891
43913
43917
43922
43960
44028
44037
44039
44050
44134
44229
44327
44370
44426
44427
44449
44532
44554
44561
44580
44585
44602
44621
44675
44694
44747
44751
44793
44805
44807
44833
44856
44862
44900
44957
45129
45132
45155
45174
45176
45186
45188
45193
45217
45222
45230
45251
45286
45292
45298
45300
45339
45347
45372
45374
45395
45416
45436
45442
45459
45461
45487
45492
45515
45517
45592
45599
45686
45733
45790
45798
45817
45828
45837
45838
45840
45885
45899
45903
45916
45925
45962
45966
45983
45996
46015
46017
46087
46091
46101
46111
46138
46139
46141
46152
46164
46214
46219
46224
46287
46328
46344
46349
46357
46373
46430
46464
46471
46491
46509
46512
46526
46581
46659
46694
46697
46703
46724
46739
46761
46830
46849
46856
46862
46873
46909
46934
46936
46955
46966
46993
46998
47041
47082
47133
47183
47201
47205
47214
47230
47292
47306
47309
47379
47422
47444
47477
47485
47536
47598
47634
47642
47663
47676
47741
47742
47746
47768
47780
47793
47797
47800
47821
47883
47896
47934
47935
47953
47962
47983
48005
48019
48048
48099
48108
48199
48208
48227
48250
48300
48309
48315
48344
48369
48396
48409
48460
48476
48494
48510
48536
48578
48603
48658
48715
48754
48763
48771
48791
48809
48867
48890
48896
48912
48926
48932
48973
48976
48977
48981
49015
49063
49066
49095
49101
49118
49159
49190
49193
49195
49200
49354
49370
49416
49424
49439
49492
49541
49585
49614
49665
49683
49722
49728
49737
49750
49793
49794
49857
49880
49909
49956
49960
49962
49982
50007
50022
50051
50096
50171
50191
50242
50255
50270
50284
50288
50292
50293
50318
50334
50357
50362
50389
50404
50447
50504
50521
50544
50551
50576
50601
50604
50630
50661
50690
50691
50755
50757
50763
50802
50814
50876
50884
50897
50913
50983
51004
51067
51072
51081
51211
51216
51256
51260
51261
51281
51297
51301
51348
51364
51418
51464
51465
51482
51484
51503
51542
51546
51548
51631
51662
51720
51764
51767
51768
51774
51832
51864
51886
51887
51905
51934
51952
52043
52063
52082
52089
52096
52102
52108
52132
52143
52145
52169
52182
52204
52214
52243
52259
52276
52323
52325
52361
52388
52407
52409
52456
52473
52479
52517
52554
52561
52571
52574
52581
52588
52594
52603
52621
52636
52690
52811
52893
52897
52905
52925
52956
53066
53067
53075
53124
53162
53215
53252
53264
53326
53336
53350
53387
53391
53400
53413
53471
53477
53492
53510
53534
53553
53554
53568
53578
53608
53615
53618
53621
53676
53728
53735
53776
53874
53886
53916
53924
53938
53948
53964
53965
53979
53999
54010
54016
54045
54049
54063
54111
54129
54181
54183
54252
54331
54346
54393
54401
54417
54447
54460
54466
54484
54501
54543
54592
54601
54605
54622
54646
54666
54671
54735
54761
54778
54811
54878
54879
54894
54897
54929
54942
54951
54953
54961
54993
55014
55027
55041
55043
55049
55093
55128
55136
55155
55156
55232
55259
55277
55302
55327
55331
55333
55342
55359
55367
55376
55388
55444
55446
55452
55480
55512
55518
55568
55575
55589
55607
55618
55668
55681
55710
55741
55771
55784
55802
55849
55866
55867
55870
55913
55926
55936
55971
56006
56016
56022
56023
56055
56063
56132
56137
56160
56307
56358
56387
56399
56442
56446
56453
56466
56474
56476
56495
56501
56524
56542
56571
56579
56594
56608
56666
56680
56749
56763
56774
56820
56821
56833
56873
56943
56948
56966
57013
57056
57090
57124
57141
57238
57301
57302
57384
57394
57396
57408
57418
57458
57468
57479
57555
57556
57569
57584
57588
57589
57646
57653
57666
57686
57699
57741
57754
57757
57791
57817
57835
57854
57862
57892
57947
57979
58007
58010
58026
58043
58054
58067
58116
58117
58120
58125
58136
58140
58192
58204
58273
58346
58347
58352
58356
58362
58384
58386
58415
58422
58431
58432
58452
58469
58479
58506
58516
58528
58535
58585
58605
58620
58632
58633
58641
58678
58687
58703
58710
58715
58728
58764
58765
58769
58793
58806
58808
58814
58830
58855
58876
58880
58881
58886
58910
58935
58936
58957
58963
59005
59017
59019
59031
59032
59035
59058
59086
59100
59106
59110
59137
59149
59154
59175
59187
59206
59219
59273
59275
59326
59335
59347
59355
59378
59380
59403
59421
59427
59465
59482
59493
59495
59533
59534
59543
59566
59620
59627
59645
59667
59670
59714
59716
59733
59826
59839
59881
59886
59896
59907
59914
59925
59935
59953
59955
59963
59970
59985
59994
60000
