103
191
197
251
257
263
287
301
361
407
461
500
515
528
545
546
572
583
629
661
668
676
690
711
733
742
817
838
844
905
924
972
1012
1051
1077
1108
1140
1148
1182
1218
1230
1236
1239
1241
1305
1346
1375
1397
1440
1480
1498
1516
1517
1520
1532
1557
1587
1592
1643
1679
1693
1700
1715
1719
1749
1801
1834
1842
1864
1888
1935
1954
1968
1994
2003
2046
2047
2151
2241
2254
2274
2298
2314
2352
2382
2390
2417
2424
2499
2536
2582
2657
2675
2703
2727
2739
2746
2750
2774
2785
2807
2837
2862
2866
2877
2887
2896
2910
2911
2949
2951
3020
3068
3070
3077
3086
3145
3161
3207
3247
3292
3371
3386
3416
3442
3482
3513
3536
3540
3566
3578
3583
3644
3657
3667
3705
3714
3780
3834
3854
3943
3965
3967
3973
3989
4005
4028
4031
4032
4045
4110
4137
4148
4155
4160
4222
4227
4228
4234
4280
4323
4328
4345
4346
4364
4371
4374
4391
4399
4467
4511
4514
4520
4524
4547
4559
4591
4611
4632
4644
4713
4733
4745
4865
4877
4885
4942
4993
5009
5011
5020
5040
5052
5060
5068
5072
5073
5080
5118
5213
5218
5232
5257
5280
5287
5394
5413
5415
5427
5446
5451
5520
5526
5554
5575
5637
5651
5686
5744
5756
5814
5838
5867
5882
5890
5895
5942
5959
5960
5969
5978
5982
5986
5996
6008
6024
6030
6032
6039
6055
6090
6125
6144
6178
6287
6301
6317
6366
6375
6461
6503
6563
6630
6652
6660
6686
6689
6700
6718
6722
6809
6813
6845
6846
6861
6868
6889
6953
6962
6978
7000
7018
7067
7101
7105
7130
7150
7162
7223
7229
7311
7379
7399
7446
7452
7480
7536
7566
7591
7655
7704
7711
7729
7847
7874
7904
7907
7943
7946
7948
7992
8000
8004
8006
8026
8037
8057
8088
8108
8119
8141
8151
8160
8167
8192
8241
8299
8314
8354
8365
8377
8388
8439
8467
8564
8587
8590
8636
8683
8730
8735
8737
8817
8838
8839
8860
8915
8930
8946
8983
8987
8989
8991
9027
9062
9084
9086
9095
9171
9172
9175
9184
9211
9220
9221
9251
9350
9405
9420
9430
9473
9485
9490
9499
9509
9514
9558
9582
9602
9651
9652
9661
9690
9746
9749
9787
9800
9801
9820
9842
9843
9898
9918
9940
9968
9972
9980
9997
10038
10044
10057
10082
10084
10126
10153
10155
10162
10171
10185
10213
10223
10329
10368
10400
10408
10452
10487
10521
10532
10542
10543
10553
10577
10597
10624
10636
10657
10721
10727
10732
10831
10852
10875
10878
10880
10893
10956
10978
11015
11027
11030
11099
11100
11108
11143
11213
11221
11227
11238
11253
11264
11297
11298
11299
11320
11331
11335
11338
11365
11390
11409
11425
11431
11434
11438
11455
11465
11497
11543
11569
11595
11659
11704
11705
11707
11712
11749
11823
11833
11869
11883
11937
11955
11972
11994
12030
12081
12123
12128
12218
12229
12238
12246
12249
12260
12393
12397
12437
12575
12588
12654
12682
12685
12702
12708
12729
12787
12811
12837
12839
12851
12855
12930
12937
12991
13019
13022
13023
13046
13061
13090
13122
13127
13130
13168
13200
13207
13229
13235
13254
13316
13330
13355
13368
13379
13450
13457
13471
13483
13492
13501
13507
13511
13553
13568
13628
13640
13664
13691
13711
13724
13730
13752
13806
13809
13839
13849
13877
13881
13912
13959
13962
13978
13981
14008
14020
14025
14031
14043
14092
14128
14131
14133
14145
14151
14183
14239
14246
14270
14318
14346
14378
14412
14416
14424
14428
14438
14440
14441
14450
14459
14475
14507
14511
14513
14521
14534
14583
14615
14624
14651
14676
14683
14685
14696
14757
14806
14828
14834
14865
14871
14881
14893
14917
14936
14956
14966
14975
14978
15044
15045
15055
15073
15098
15117
15121
15140
15141
15152
15227
15236
15263
15302
15320
15337
15373
15383
15398
15414
15438
15448
15476
15488
15495
15499
15668
15670
15672
15710
15733
15759
15766
15883
15971
15997
16000
16052
16060
16070
16073
16121
16163
16188
16197
16207
16208
16216
16307
16313
16360
16368
16375
16385
16430
16445
16475
16485
16533
16564
16577
16622
16648
16660
16674
16692
16729
16740
16794
16796
16797
16806
16814
16934
16960
17000
17071
17077
17096
17101
17115
17118
17139
17158
17175
17292
17310
17357
17373
17392
17436
17457
17522
17569
17581
17604
17608
17628
17638
17659
17684
17738
17803
17819
17829
17838
17847
17865
17899
17902
17910
17930
18029
18101
18108
18139
18150
18158
18173
18175
18191
18206
18238
18263
18276
18355
18390
18411
18438
18465
18498
18593
18609
18718
18752
18766
18794
18845
18863
18921
18934
18961
18999
19017
19052
19255
19280
19291
19319
19347
19372
19395
19419
19457
19477
19478
19501
19506
19534
19558
19567
19569
19573
19583
19600
19617
19632
19641
19644
19686
19719
19800
19801
19818
19820
19849
19866
19872
19877
19959
20028
20037
20044
20047
20052
20077
20135
20151
20182
20223
20321
20322
20338
20366
20377
20429
20446
20517
20562
20584
20599
20642
20652
20684
20694
20737
20760
20785
20817
20850
20883
20923
20934
20939
20983
20987
20991
21052
21063
21088
21093
21144
21165
21219
21257
21258
21306
21316
21329
21348
21351
21427
21463
21472
21497
21501
21503
21522
21536
21565
21587
21637
21639
21645
21660
21750
21768
21785
21817
21837
21864
21881
21887
21896
21904
21921
21947
21970
21976
21987
22013
22017
22022
22027
22049
22069
22075
22098
22104
22110
22132
22143
22167
22206
22215
22264
22283
22312
22316
22323
22355
22365
22388
22391
22418
22446
22485
22549
22555
22624
22672
22679
22685
22688
22691
22692
22704
22834
22882
22908
22919
22930
22949
23015
23028
23036
23042
23050
23059
23074
23082
23178
23191
23203
23256
23260
23284
23311
23339
23340
23359
23380
23383
23424
23438
23448
23477
23491
23495
23558
23571
23582
23586
23607
23630
23639
23646
23657
23684
23719
23722
23724
23731
23755
23770
23774
23794
23798
23812
23824
23830
23854
23869
23879
23912
23943
23981
24039
24116
24135
24156
24253
24265
24351
24357
24359
24374
24393
24412
24456
24474
24490
24496
24548
24559
24588
24590
24598
24669
24686
24687
24689
24748
24755
24759
24768
24782
24827
24851
24857
24865
24928
24938
24970
24972
24997
25011
25014
25053
25061
25070
25099
25109
25117
25119
25163
25188
25200
25235
25277
25289
25321
25326
25330
25331
25347
25352
25390
25403
25423
25439
25456
25474
25534
25552
25563
25578
25596
25611
25633
25645
25695
25711
25761
25779
25781
25789
25843
25885
25891
25898
25921
25968
25972
25975
25983
25985
25995
26051
26090
26096
26127
26154
26161
26209
26219
26234
26243
26262
26305
26328
26336
26343
26345
26403
26426
26460
26607
26625
26638
26639
26654
26690
26709
26730
26736
26805
26833
26878
26891
26906
26914
26952
26984
27023
27091
27106
27113
27172
27194
27205
27211
27216
27229
27232
27237
27253
27260
27288
27328
27339
27412
27421
27427
27471
27491
27499
27519
27531
27555
27558
27566
27591
27608
27672
27688
27712
27794
27807
27813
27817
27844
27847
27899
27913
27939
27950
27968
28017
28070
28135
28142
28196
28236
28266
28286
28319
28337
28339
28365
28369
28393
28401
28509
28523
28529
28540
28549
28550
28682
28701
28706
28763
28786
28792
28815
28816
28835
28950
28958
28970
29004
29016
29018
29039
29044
29070
29074
29080
29122
29133
29149
29163
29168
29187
29211
29218
29225
29230
29235
29243
29265
29266
29334
29381
29399
29405
29408
29409
29462
29467
29487
29494
29499
29507
29512
29531
29542
29565
29593
29610
29651
29680
29749
29771
29774
29804
29845
29867
29897
29901
29921
29928
29933
29936
29992
30028
30042
30051
30130
30154
30211
30227
30232
30270
30285
30315
30345
30362
30402
30404
30417
30420
30425
30438
30498
30500
30527
30570
30596
30617
30635
30681
30690
30718
30748
30795
30849
30900
30910
30913
30951
30963
31012
31017
31045
31077
31127
31146
31151
31160
31163
31176
31213
31241
31261
31263
31310
31313
31336
31347
31356
31388
31399
31402
31412
31432
31433
31530
31552
31575
31593
31616
31637
31666
31736
31784
31808
31838
31839
31858
31911
31937
31974
32017
32018
32026
32046
32084
32093
32121
32123
32129
32196
32223
32230
32264
32276
32286
32288
32297
32312
32317
32341
32357
32396
32397
32419
32486
32510
32561
32600
32651
32652
32656
32699
32716
32772
32786
32791
32795
32808
32820
32839
32842
32863
32929
32957
33036
33052
33074
33077
33099
33135
33141
33162
33196
33209
33246
33247
33253
33264
33273
33303
33354
33374
33380
33395
33400
33417
33435
33443
33449
33485
33491
33520
33560
33573
33642
33662
33670
33727
33740
33742
33803
33805
33810
33840
33851
33889
33897
33927
33970
33972
34023
34029
34030
34037
34041
34052
34062
34067
34093
34103
34104
34130
34138
34149
34176
34216
34220
34222
34258
34310
34329
34336
34343
34425
34466
34475
34539
34544
34590
34599
34612
34621
34641
34703
34725
34728
34780
34920
34922
35021
35049
35057
35068
35103
35104
35121
35126
35137
35149
35162
35177
35184
35242
35294
35341
35347
35386
35390
35405
35409
35428
35441
35449
35479
35484
35488
35550
35584
35593
35594
35622
35645
35656
35659
35690
35716
35724
35748
35756
35765
35780
35793
35831
35835
35858
35919
35928
36043
36053
36067
36122
36124
36137
36142
36164
36171
36178
36179
36251
36258
36264
36271
36299
36307
36339
36377
36398
36427
36442
36463
36468
36521
36552
36560
36574
36581
36601
36611
36621
36631
36682
36693
36732
36761
36836
36862
36868
36882
36896
36907
36932
36991
37050
37063
37079
37085
37103
37158
37257
37261
37266
37291
37361
37400
37424
37430
37431
37457
37473
37487
37497
37507
37510
37609
37624
37648
37652
37737
37750
37783
37803
37913
37932
37971
37997
38015
38036
38037
38042
38054
38058
38080
38082
38104
38169
38184
38207
38216
38259
38280
38337
38403
38445
38471
38483
38521
38539
38556
38597
38611
38651
38687
38708
38720
38730
38747
38815
38838
38845
38897
38957
39005
39131
39144
39154
39162
39171
39194
39198
39205
39209
39218
39227
39251
39301
39326
39373
39389
39416
39432
39447
39469
39471
39492
39502
39511
39516
39528
39608
39616
39623
39633
39650
39679
39734
39744
39817
39829
39835
39861
39875
39903
39936
39957
39959
39981
39988
40023
40053
40055
40065
40066
40068
40069
40071
40081
40085
40097
40114
40124
40158
40187
40206
40208
40219
40235
40236
40266
40275
40283
40353
40363
40395
40421
40441
40446
40481
40493
40515
40540
40545
40574
40584
40640
40652
40669
40707
40711
40839
40842
40868
40882
40926
40936
40941
40971
40982
40994
41005
41032
41038
41135
41149
41175
41176
41185
41192
41214
41216
41296
41302
41341
41358
41371
41395
41398
41401
41416
41426
41437
41477
41488
41512
41517
41552
41553
41575
41601
41608
41640
41705
41735
41742
41760
41771
41784
41806
41809
41811
41816
41830
41877
41982
42005
42029
42043
42052
42082
42102
42106
42116
42130
42140
42159
42196
42211
42287
42299
42351
42434
42469
42480
42493
42526
42544
42545
42568
42592
42607
42629
42675
42679
42802
42835
42941
42985
42986
43000
43011
43038
43049
43075
43076
43101
43109
43162
43183
43187
43232
43243
43276
43292
43301
43305
43308
43318
43329
43391
43441
43472
43494
43498
43506
43517
43528
43541
43546
43584
43591
43601
43638
43680
43703
43729
43733
43756
43761
43767
43771
43797
43804
43805
43833
43856
43860
43993
43998
44043
44095
44118
44119
44156
44196
44201
44209
44233
44277
44280
44299
44301
44302
44356
44389
44462
44470
44497
44533
44579
44600
44637
44650
44659
44669
44674
44684
44704
44707
44765
44771
44795
44797
44822
44836
44854
44855
44964
44974
45033
45048
45092
45115
45147
45151
45165
45203
45216
45220
45240
45260
45295
45309
45324
45375
45439
45475
45476
45528
45573
45589
45618
45627
45651
45678
45680
45688
45729
45788
45807
45829
45883
45907
45914
45918
45951
46001
46029
46032
46034
46044
46072
46105
46114
46123
46143
46173
46183
46240
46248
46259
46267
46285
46347
46358
46371
46372
46381
46383
46421
46432
46448
46466
46481
46483
46516
46527
46552
46563
46575
46577
46614
46618
46624
46660
46666
46683
46698
46727
46773
46780
46855
46886
46912
46923
46942
46946
46956
46996
47005
47008
47025
47040
47058
47065
47091
47100
47124
47167
47174
47192
47200
47216
47218
47222
47240
47315
47333
47363
47372
47390
47425
47505
47511
47532
47546
47552
47584
47593
47607
47667
47698
47709
47730
47740
47758
47798
47809
47824
47906
47919
47958
47964
47992
48022
48047
48080
48087
48092
48115
48120
48170
48213
48240
48258
48285
48294
48307
48359
48376
48398
48464
48489
48499
48541
48552
48608
48624
48714
48736
48744
48758
48835
48880
48892
48898
48905
48915
48936
49014
49032
49037
49068
49100
49105
49113
49115
49133
49134
49140
49144
49152
49162
49187
49199
49214
49216
49236
49238
49245
49273
49276
49284
49344
49345
49362
49382
49388
49454
49510
49556
49574
49576
49581
49606
49618
49627
49653
49664
49666
49687
49702
49748
49768
49795
49801
49845
49904
49910
49952
50015
50028
50029
50071
50073
50079
50092
50102
50167
50173
50178
50182
50215
50244
50257
50266
50308
50328
50331
50350
50366
50376
50412
50416
50434
50456
50476
50483
50516
50527
50554
50560
50572
50631
50636
50688
50727
50781
50834
50865
50875
50958
50969
50972
51023
51049
51103
51144
51157
51164
51200
51273
51275
51278
51283
51350
51354
51379
51404
51422
51424
51425
51445
51454
51496
51497
51528
51532
51586
51620
51664
51682
51721
51746
51797
51813
51879
51891
51958
52018
52107
52147
52173
52207
52233
52247
52320
52333
52350
52353
52431
52445
52488
52503
52504
52512
52523
52525
52533
52550
52671
52697
52742
52788
52804
52825
52862
52865
52869
52882
52888
52901
52917
52929
52931
52947
52984
52989
53011
53013
53014
53018
53035
53045
53098
53116
53127
53151
53234
53238
53251
53265
53289
53325
53386
53392
53402
53416
53454
53478
53483
53506
53516
53559
53584
53592
53604
53643
53687
53707
53768
53786
53815
53866
53873
53890
53907
53959
53966
54015
54050
54099
54101
54107
54130
54138
54172
54228
54229
54235
54248
54335
54344
54350
54377
54392
54412
54459
54472
54564
54580
54581
54582
54602
54608
54623
54641
54649
54687
54718
54758
54783
54801
54837
54852
54862
54887
54959
54977
55047
55092
55094
55133
55149
55192
55199
55205
55220
55244
55283
55289
55344
55363
55369
55382
55407
55447
55450
55529
55530
55571
55586
55646
55648
55664
55671
55698
55727
55790
55831
55833
55855
55864
55898
55938
55951
55963
55979
56072
56076
56077
56086
56127
56233
56239
56244
56248
56255
56278
56289
56291
56299
56337
56356
56363
56375
56388
56401
56411
56472
56505
56506
56507
56512
56532
56541
56554
56565
56568
56601
56611
56618
56623
56650
56662
56688
56705
56718
56750
56788
56798
56802
56805
56806
56831
56849
56851
56872
56887
56889
56914
56926
56934
56949
56956
56964
57032
57043
57049
57062
57083
57169
57196
57208
57214
57228
57288
57297
57350
57377
57386
57465
57466
57470
57546
57548
57559
57595
57600
57652
57654
57800
57902
57941
57961
57967
57976
57989
57999
58005
58034
58044
58086
58161
58198
58222
58261
58277
58289
58306
58322
58325
58364
58382
58461
58529
58545
58568
58570
58579
58589
58611
58663
58749
58761
58784
58801
58807
58815
58821
58837
58844
58866
58912
58927
58950
58989
58990
59015
59022
59025
59078
59094
59098
59102
59152
59197
59207
59256
59257
59278
59295
59315
59391
59608
59610
59663
59685
59725
59745
59750
59757
59761
59783
59787
59806
59815
59833
59858
59884
59906
59940
59965
59976
59979
59981
59982
59993
