25
32
51
78
166
189
206
212
222
245
322
346
421
424
425
454
464
495
510
557
565
582
602
608
647
697
739
747
757
761
767
769
790
797
812
835
866
910
937
967
974
1010
1023
1028
1037
1043
1070
1072
1086
1145
1164
1263
1319
1327
1341
1355
1366
1374
1455
1475
1549
1583
1615
1635
1659
1675
1692
1695
1720
1723
1724
1756
1759
1781
1807
1853
1871
1873
1887
1900
1908
1910
1921
1933
1955
1992
2077
2081
2086
2142
2156
2177
2244
2423
2497
2498
2514
2535
2555
2576
2615
2639
2641
2683
2690
2705
2726
2773
2784
2801
2827
2831
2835
2840
2873
2879
2918
3000
3025
3034
3037
3061
3109
3118
3139
3153
3175
3194
3199
3237
3248
3257
3273
3300
3340
3417
3419
3429
3463
3472
3478
3483
3618
3626
3658
3683
3701
3708
3712
3753
3785
3795
3860
3871
3901
3905
3913
3963
3978
4022
4037
4039
4050
4057
4059
4062
4130
4138
4181
4202
4213
4239
4287
4296
4357
4366
4380
4417
4435
4468
4490
4532
4584
4633
4637
4643
4650
4656
4697
4705
4714
4724
4727
4751
4823
4845
4916
4934
4951
4965
4974
5064
5065
5069
5075
5076
5145
5182
5190
5206
5210
5230
5252
5253
5314
5344
5350
5354
5367
5387
5424
5430
5465
5477
5497
5543
5548
5558
5571
5576
5608
5622
5640
5659
5732
5733
5753
5759
5784
5787
5793
5797
5809
5830
5872
5874
5896
5912
5943
5953
5968
5975
5983
6059
6060
6081
6084
6104
6130
6185
6234
6242
6291
6300
6322
6325
6356
6359
6363
6407
6448
6456
6475
6480
6517
6556
6580
6588
6618
6647
6648
6653
6654
6659
6687
6693
6694
6746
6764
6794
6817
6827
6851
6856
6875
6881
6883
6888
6893
6921
6925
6994
7022
7027
7083
7132
7161
7193
7207
7232
7236
7261
7280
7283
7287
7291
7293
7320
7369
7376
7386
7395
7413
7420
7438
7442
7450
7469
7475
7477
7510
7569
7616
7667
7670
7697
7716
7724
7728
7759
7762
7771
7802
7807
7830
7848
7852
7897
7908
7942
7950
8016
8040
8061
8075
8102
8122
8147
8166
8213
8216
8220
8252
8254
8267
8286
8301
8312
8379
8385
8390
8401
8429
8451
8454
8459
8489
8492
8497
8528
8537
8608
8671
8672
8681
8714
8763
8787
8800
8805
8842
8887
8932
8940
8951
8961
8965
8970
8992
9020
9032
9080
9124
9166
9174
9202
9206
9214
9217
9228
9232
9233
9272
9276
9280
9296
9308
9380
9388
9396
9429
9441
9452
9453
9460
9507
9522
9527
9532
9544
9553
9564
9576
9596
9599
9656
9676
9769
9773
9830
9859
9882
9886
9906
9949
9959
9981
9989
9999
10021
10042
10048
10056
10065
10116
10127
10170
10198
10202
10232
10241
10253
10275
10291
10313
10316
10401
10424
10432
10456
10471
10527
10556
10568
10571
10603
10642
10736
10773
10778
10789
10807
10843
10849
10856
10857
10866
10883
10930
10935
10963
10977
10981
11041
11061
11068
11072
11076
11116
11167
11171
11198
11229
11246
11260
11273
11277
11308
11372
11449
11451
11515
11525
11528
11584
11590
11612
11634
11710
11754
11790
11808
11832
11864
11917
11969
11996
12010
12036
12050
12060
12097
12116
12134
12151
12171
12187
12188
12215
12259
12270
12273
12281
12282
12304
12313
12316
12347
12354
12357
12414
12434
12458
12481
12488
12535
12536
12572
12592
12601
12637
12646
12649
12664
12672
12691
12698
12699
12751
12753
12774
12806
12824
12826
12836
12861
12897
12900
12921
12979
13021
13039
13040
13041
13045
13066
13073
13193
13194
13199
13247
13276
13297
13299
13303
13345
13364
13369
13372
13394
13417
13425
13472
13516
13535
13554
13581
13633
13636
13653
13737
13742
13776
13783
13819
13825
13828
13873
13885
13891
13906
13942
13997
14004
14032
14046
14050
14056
14157
14163
14174
14192
14208
14210
14279
14285
14317
14365
14382
14385
14402
14429
14480
14497
14517
14525
14549
14587
14599
14684
14731
14740
14783
14814
14843
14852
14855
14873
14900
14955
14957
15019
15026
15031
15054
15092
15119
15136
15167
15168
15181
15184
15193
15246
15273
15280
15382
15402
15407
15416
15457
15512
15519
15535
15549
15561
15596
15654
15763
15811
15825
15839
15864
15874
15877
15885
15900
15930
15957
15973
15978
15979
15985
16002
16028
16050
16082
16093
16094
16099
16119
16138
16146
16178
16184
16187
16217
16218
16236
16244
16251
16275
16292
16320
16362
16401
16479
16507
16509
16520
16548
16592
16605
16610
16644
16688
16718
16743
16748
16760
16767
16866
16877
16906
16915
16917
16963
17031
17044
17078
17090
17093
17098
17111
17149
17161
17167
17194
17200
17208
17248
17272
17342
17349
17352
17359
17405
17411
17434
17462
17494
17500
17517
17534
17537
17580
17587
17599
17614
17616
17624
17668
17671
17679
17702
17713
17725
17739
17743
17777
17783
17810
17849
17921
17938
17951
17962
17965
17982
18009
18030
18040
18084
18151
18163
18172
18182
18184
18197
18225
18256
18281
18291
18300
18332
18338
18341
18352
18363
18400
18401
18441
18456
18494
18531
18541
18545
18553
18561
18570
18588
18591
18638
18640
18675
18700
18708
18731
18805
18824
18831
18860
18861
18889
18925
18932
18955
18966
18967
19023
19035
19168
19169
19182
19219
19231
19241
19278
19298
19314
19345
19348
19365
19384
19404
19420
19443
19473
19485
19491
19499
19525
19546
19578
19596
19603
19611
19616
19647
19656
19664
19683
19691
19745
19750
19780
19808
19812
19813
19828
19833
19855
19883
19922
19952
19955
19975
20010
20020
20035
20065
20067
20071
20087
20115
20178
20197
20203
20235
20318
20364
20372
20384
20411
20416
20424
20459
20463
20488
20520
20539
20583
20618
20668
20673
20681
20717
20736
20750
20781
20786
20797
20863
20919
20927
20959
20962
20973
21020
21157
21186
21224
21289
21342
21403
21431
21440
21462
21478
21493
21494
21508
21517
21524
21528
21568
21591
21613
21630
21638
21647
21668
21682
21686
21687
21702
21703
21717
21771
21812
21815
21823
21838
21849
21874
21875
21953
22025
22085
22092
22097
22133
22186
22201
22224
22240
22253
22262
22267
22274
22295
22301
22367
22371
22389
22409
22415
22459
22477
22517
22597
22614
22658
22689
22695
22696
22697
22753
22762
22797
22800
22814
22815
22818
22864
22867
22885
22886
22889
22910
22916
23009
23018
23026
23038
23067
23107
23108
23149
23160
23166
23167
23176
23202
23217
23230
23236
23259
23285
23286
23316
23322
23335
23362
23377
23399
23403
23503
23532
23537
23550
23594
23601
23619
23691
23693
23739
23762
23781
23809
23823
23837
23874
23887
23895
23914
23927
23937
23939
23952
23969
23998
24011
24021
24028
24042
24056
24060
24072
24082
24098
24139
24144
24152
24201
24235
24248
24276
24314
24335
24350
24378
24401
24404
24418
24461
24476
24481
24486
24507
24563
24580
24609
24632
24634
24671
24736
24750
24775
24795
24828
24850
24894
24999
25009
25016
25028
25042
25047
25059
25085
25096
25102
25158
25161
25179
25224
25274
25276
25323
25324
25351
25360
25379
25398
25469
25484
25494
25523
25529
25533
25564
25574
25601
25612
25623
25668
25753
25774
25778
25800
25810
25822
25841
25867
25869
25897
25950
25976
25978
26029
26080
26113
26115
26117
26126
26140
26169
26179
26197
26247
26291
26295
26452
26463
26496
26553
26554
26559
26615
26645
26665
26666
26743
26769
26783
26811
26831
26835
26859
26869
26886
26915
26966
27011
27052
27056
27088
27095
27243
27289
27320
27324
27368
27369
27383
27392
27394
27419
27605
27644
27651
27670
27727
27790
27793
27838
27892
27991
28045
28063
28182
28194
28207
28208
28222
28228
28249
28256
28265
28281
28344
28346
28446
28460
28461
28479
28486
28489
28522
28525
28554
28556
28568
28578
28678
28696
28702
28753
28757
28762
28857
28900
28936
28937
28938
29014
29047
29065
29068
29075
29146
29150
29173
29208
29248
29269
29291
29300
29301
29306
29319
29327
29365
29394
29426
29490
29503
29509
29541
29578
29586
29592
29598
29615
29629
29632
29646
29670
29689
29719
29731
29764
29889
29899
29965
29974
29988
30014
30039
30050
30061
30152
30160
30205
30209
30234
30321
30348
30353
30406
30433
30471
30502
30551
30556
30568
30587
30597
30611
30641
30656
30691
30789
30791
30807
30819
30841
30842
30850
30916
30919
30954
30999
31009
31023
31053
31054
31055
31076
31085
31102
31149
31192
31195
31197
31236
31275
31291
31295
31304
31374
31395
31398
31421
31446
31448
31489
31502
31531
31551
31588
31664
31665
31674
31701
31711
31747
31750
31789
31796
31821
31837
31844
31861
31883
31941
31961
31970
31976
31994
32042
32124
32140
32145
32160
32180
32199
32240
32251
32260
32265
32322
32335
32346
32449
32450
32462
32564
32568
32577
32602
32663
32670
32674
32676
32683
32691
32694
32722
32731
32778
32779
32805
32810
32833
32845
32860
32866
32886
32897
32920
32934
33041
33085
33105
33122
33138
33140
33171
33186
33227
33252
33271
33283
33299
33301
33305
33323
33326
33356
33362
33433
33457
33458
33460
33484
33490
33495
33514
33550
33554
33563
33578
33584
33591
33601
33605
33614
33673
33680
33691
33711
33745
33746
33758
33759
33768
33812
33818
33882
33910
33916
33939
33974
33982
33991
34004
34009
34028
34063
34071
34114
34124
34127
34133
34157
34167
34177
34206
34223
34280
34281
34286
34289
34326
34400
34402
34407
34421
34446
34483
34511
34530
34556
34564
34570
34578
34588
34605
34611
34626
34636
34644
34686
34714
34718
34752
34771
34775
34807
34824
34833
34834
34838
34865
34914
34929
34956
34971
35004
35029
35042
35051
35084
35096
35135
35167
35179
35188
35245
35288
35292
35296
35314
35329
35376
35388
35413
35442
35466
35468
35473
35575
35617
35630
35648
35657
35710
35758
35766
35774
35877
35888
35898
35935
35937
35960
35989
36037
36073
36090
36094
36108
36112
36146
36169
36174
36227
36236
36256
36291
36306
36369
36374
36388
36424
36597
36626
36686
36692
36738
36757
36764
36781
36783
36802
36812
36814
36818
36819
36872
36884
36908
36973
36974
36981
37021
37042
37082
37167
37182
37254
37324
37337
37347
37350
37353
37360
37438
37465
37501
37530
37549
37557
37641
37657
37699
37728
37781
37793
37815
37850
37860
37861
38004
38030
38035
38095
38110
38119
38142
38173
38272
38305
38353
38365
38376
38381
38384
38424
38536
38577
38587
38602
38616
38622
38626
38638
38649
38683
38693
38695
38714
38729
38748
38768
38790
38816
38819
38826
38832
38865
38892
38900
38927
38936
38939
38948
38958
38975
39000
39013
39092
39096
39127
39163
39176
39228
39230
39299
39315
39316
39322
39418
39440
39442
39454
39463
39517
39541
39584
39619
39635
39659
39674
39675
39723
39729
39738
39741
39759
39782
39823
39825
39860
39866
39876
39921
39934
39949
39975
39997
40040
40058
40131
40144
40164
40195
40196
40237
40243
40261
40285
40299
40307
40390
40397
40483
40508
40535
40555
40567
40578
40591
40612
40619
40642
40660
40664
40672
40677
40696
40793
40803
40804
40865
40876
40911
40923
40934
40957
40959
40983
40990
41056
41083
41085
41093
41109
41139
41187
41220
41248
41264
41290
41334
41338
41359
41362
41462
41465
41471
41481
41505
41540
41579
41597
41666
41709
41727
41737
41740
41805
41821
41868
41897
41941
41947
41999
42035
42063
42079
42081
42104
42109
42124
42158
42184
42185
42198
42216
42224
42245
42252
42273
42283
42300
42309
42322
42384
42412
42431
42441
42452
42461
42484
42494
42533
42552
42553
42642
42655
42680
42686
42697
42761
42777
42828
42829
42839
42899
42908
42921
42922
42942
42987
42995
43004
43028
43057
43059
43100
43103
43131
43151
43170
43204
43242
43291
43313
43401
43438
43471
43483
43504
43533
43538
43551
43563
43570
43602
43605
43626
43755
43759
43779
43814
43815
43876
43916
43928
43931
43933
43956
43965
44001
44009
44023
44024
44031
44033
44092
44102
44137
44161
44216
44221
44225
44368
44388
44413
44432
44440
44472
44490
44538
44549
44610
44619
44623
44652
44660
44665
44677
44682
44729
44760
44774
44782
44832
44927
44935
44937
44989
44990
44992
45004
45006
45034
45039
45041
45060
45071
45073
45078
45104
45117
45169
45179
45218
45227
45238
45277
45305
45311
45350
45360
45419
45430
45464
45474
45483
45512
45524
45535
45577
45654
45671
45720
45761
45792
45802
45809
45821
45860
45900
45908
45938
45948
45957
45976
46037
46058
46082
46088
46181
46193
46217
46250
46303
46309
46365
46391
46410
46431
46455
46479
46484
46490
46496
46521
46530
46531
46535
46561
46565
46590
46613
46667
46673
46681
46721
46742
46765
46790
46879
46991
47006
47031
47087
47096
47160
47166
47299
47386
47387
47391
47399
47407
47490
47547
47564
47600
47603
47640
47687
47696
47702
47714
47733
47763
47842
47911
47948
47980
47990
47998
48034
48042
48096
48098
48102
48132
48134
48136
48143
48159
48177
48179
48194
48218
48257
48269
48334
48352
48357
48420
48442
48455
48477
48485
48516
48525
48547
48550
48586
48590
48641
48642
48652
48685
48688
48807
48836
48850
48943
48948
48961
48965
48975
49011
49052
49055
49138
49163
49168
49191
49212
49371
49384
49392
49402
49432
49437
49443
49458
49460
49461
49466
49502
49526
49528
49546
49634
49657
49678
49760
49779
49786
49819
49827
49851
49865
49955
49996
50021
50035
50066
50152
50168
50176
50192
50219
50276
50280
50281
50282
50291
50299
50301
50336
50340
50353
50380
50422
50458
50499
50505
50513
50567
50579
50592
50608
50627
50686
50700
50728
50729
50764
50794
50869
50885
51019
51024
51027
51029
51042
51068
51070
51107
51154
51163
51179
51214
51267
51296
51298
51340
51343
51389
51446
51453
51462
51475
51476
51495
51499
51504
51526
51544
51555
51597
51657
51658
51723
51725
51729
51736
51737
51761
51770
51789
51839
51860
51885
51890
51900
51971
52026
52135
52223
52241
52251
52270
52308
52322
52339
52354
52396
52398
52399
52433
52468
52483
52487
52495
52508
52532
52558
52593
52611
52693
52701
52704
52714
52747
52756
52777
52794
52801
52836
52844
52850
52852
52934
52966
52968
52986
53025
53039
53071
53081
53096
53121
53230
53277
53279
53294
53319
53349
53383
53396
53406
53419
53422
53447
53461
53497
53521
53529
53579
53591
53601
53630
53703
53729
53740
53750
53756
53791
53827
53830
53831
53849
53859
53869
53898
53929
54035
54082
54091
54134
54142
54163
54223
54260
54270
54279
54372
54456
54513
54528
54531
54539
54554
54557
54575
54680
54698
54709
54715
54720
54722
54727
54773
54774
54858
54885
54907
54917
54957
54973
54983
55030
55033
55045
55051
55072
55115
55130
55142
55164
55230
55261
55281
55408
55409
55421
55435
55437
55449
55465
55468
55469
55504
55562
55565
55630
55654
55740
55759
55783
55793
55798
55801
55834
55853
55882
55918
55957
55958
55999
56031
56050
56065
56075
56090
56095
56096
56100
56109
56112
56122
56143
56157
56218
56219
56220
56249
56310
56315
56383
56480
56488
56540
56544
56556
56600
56604
56657
56667
56690
56696
56700
56703
56713
56717
56719
56759
56760
56795
56818
56823
56839
56895
56899
56944
56980
57008
57018
57024
57025
57035
57050
57092
57119
57126
57188
57215
57242
57250
57298
57360
57387
57414
57415
57456
57532
57542
57543
57563
57586
57672
57744
57749
57864
57932
57945
57994
58018
58028
58051
58081
58134
58135
58159
58248
58251
58255
58268
58476
58482
58491
58520
58530
58548
58574
58597
58688
58708
58743
58795
58797
58853
58917
58938
58962
59004
59009
59034
59111
59163
59200
59201
59211
59306
59318
59333
59337
59343
59394
59408
59426
59429
59437
59455
59505
59526
59560
59642
59647
59649
59701
59702
59718
59720
59722
59734
59748
59760
59782
59816
59855
59861
59864
59878
59879
59882
59917
59969
59972
59975
59977
59992
