34
41
73
124
150
171
202
203
342
403
482
540
552
586
592
626
682
694
724
758
759
784
792
818
847
863
864
875
894
916
948
956
957
979
1057
1087
1209
1234
1260
1265
1267
1289
1318
1336
1345
1484
1540
1576
1593
1594
1608
1652
1657
1690
1696
1711
1717
1728
1742
1750
1859
1863
1872
1916
1923
1942
1945
1974
1982
1990
2026
2027
2029
2033
2035
2107
2129
2184
2226
2251
2282
2308
2345
2373
2386
2391
2406
2408
2411
2416
2451
2454
2475
2496
2505
2541
2543
2571
2653
2660
2674
2677
2707
2721
2744
2745
2792
2817
2849
2870
2900
2906
2926
2958
3004
3017
3027
3036
3042
3052
3059
3082
3083
3084
3093
3096
3162
3212
3245
3254
3262
3268
3283
3296
3335
3358
3383
3415
3422
3453
3519
3535
3560
3584
3586
3593
3663
3665
3666
3715
3732
3738
3750
3775
3784
3786
3799
3801
3808
3819
3824
3832
3846
3890
3912
3946
4002
4071
4087
4088
4096
4116
4154
4163
4270
4282
4294
4298
4330
4408
4414
4519
4531
4552
4555
4567
4570
4582
4679
4706
4735
4747
4764
4770
4795
4818
4893
4913
4918
4926
4933
4994
5026
5027
5093
5120
5123
5148
5159
5211
5223
5247
5274
5341
5345
5359
5373
5405
5437
5470
5472
5483
5525
5556
5579
5596
5610
5628
5677
5685
5715
5739
5764
5812
5820
5829
5864
5891
5938
5939
6005
6012
6085
6086
6088
6114
6128
6164
6192
6224
6258
6263
6273
6311
6334
6372
6395
6396
6447
6454
6463
6479
6500
6516
6554
6565
6645
6649
6691
6730
6773
6812
6905
6913
6928
6932
6965
6998
7007
7090
7103
7120
7124
7127
7144
7178
7198
7237
7249
7252
7294
7356
7374
7377
7383
7449
7454
7481
7487
7492
7509
7515
7529
7545
7561
7567
7575
7602
7740
7749
7785
7787
7789
7792
7801
7881
7882
7913
7944
8014
8025
8049
8090
8099
8110
8133
8146
8164
8168
8181
8186
8226
8380
8405
8417
8452
8468
8490
8494
8496
8505
8523
8529
8552
8604
8642
8660
8693
8762
8775
8791
8798
8824
8826
8832
8872
8881
8947
9065
9070
9081
9083
9094
9096
9110
9132
9196
9212
9219
9250
9264
9337
9358
9363
9398
9440
9463
9515
9543
9592
9616
9624
9671
9681
9752
9760
9813
9831
9856
9870
9899
9922
9926
9993
10013
10036
10040
10115
10123
10140
10146
10158
10176
10182
10209
10240
10268
10318
10355
10372
10423
10442
10462
10499
10517
10559
10562
10601
10672
10713
10725
10746
10774
10826
10840
10841
10958
10969
10983
10986
11023
11056
11062
11071
11084
11098
11154
11201
11237
11252
11266
11275
11305
11323
11336
11355
11371
11437
11481
11510
11545
11550
11578
11601
11635
11675
11688
11711
11713
11752
11777
11803
11825
11845
11877
11926
11943
12024
12039
12094
12119
12145
12152
12183
12223
12224
12235
12247
12254
12310
12344
12356
12359
12424
12431
12471
12496
12518
12530
12550
12606
12630
12653
12684
12689
12718
12720
12724
12728
12779
12793
12805
12807
12810
12863
12872
12878
12894
12950
12953
13015
13030
13037
13085
13110
13133
13171
13185
13209
13211
13236
13246
13267
13322
13332
13336
13339
13478
13481
13569
13575
13586
13607
13656
13688
13696
13766
13784
13785
13792
13795
13798
13867
13868
13925
13968
14003
14010
14024
14078
14110
14126
14180
14191
14218
14223
14236
14251
14253
14256
14282
14306
14313
14335
14369
14376
14407
14432
14469
14481
14502
14515
14539
14555
14579
14602
14630
14647
14649
14707
14724
14726
14729
14737
14807
14827
14840
14854
14938
14946
14953
14954
15122
15128
15143
15145
15154
15156
15247
15257
15294
15325
15409
15442
15449
15450
15460
15518
15522
15527
15531
15575
15592
15607
15617
15629
15646
15648
15665
15675
15688
15773
15816
15887
15922
15952
15991
16039
16048
16109
16123
16124
16140
16155
16205
16222
16264
16290
16310
16316
16325
16328
16336
16414
16478
16498
16503
16510
16511
16512
16534
16543
16603
16627
16678
16705
16722
16746
16836
16858
16867
16869
16880
16890
16891
16910
16983
16990
17008
17009
17042
17048
17060
17069
17106
17108
17127
17145
17209
17222
17297
17308
17354
17379
17399
17425
17428
17441
17470
17528
17536
17551
17552
17573
17574
17617
17653
17674
17678
17716
17719
17729
17735
17772
17775
17778
17785
17808
17839
17850
17900
17901
17932
17992
17996
18166
18270
18279
18330
18464
18474
18482
18501
18598
18605
18606
18624
18694
18719
18726
18732
18758
18764
18833
18834
18868
18897
18902
18922
18936
18949
19039
19042
19061
19112
19154
19161
19194
19211
19317
19330
19333
19337
19338
19339
19406
19410
19428
19471
19483
19515
19547
19602
19623
19645
19651
19678
19724
19869
19897
19916
19949
19961
19969
20025
20061
20075
20136
20139
20218
20261
20263
20288
20399
20409
20431
20432
20434
20462
20466
20505
20522
20534
20554
20561
20604
20619
20648
20656
20692
20709
20754
20769
20788
20806
20809
20812
20815
20856
20860
20881
20905
20909
20918
20980
21018
21062
21081
21094
21113
21127
21138
21178
21284
21291
21305
21326
21343
21364
21430
21450
21451
21455
21468
21474
21479
21518
21570
21602
21629
21650
21672
21822
21835
21840
21850
21856
21866
21877
21972
22015
22019
22023
22068
22071
22079
22163
22193
22261
22286
22331
22333
22360
22429
22442
22502
22536
22568
22576
22619
22628
22636
22642
22654
22722
22743
22768
22778
22804
22813
22825
22854
22871
22873
22892
22925
22969
22988
23016
23029
23073
23104
23139
23146
23162
23212
23235
23242
23255
23303
23345
23347
23356
23419
23455
23471
23479
23480
23506
23538
23576
23578
23603
23618
23642
23659
23663
23666
23686
23732
23760
23841
23853
23871
23897
23906
23919
23994
24006
24065
24089
24138
24140
24154
24170
24193
24200
24219
24256
24285
24368
24407
24447
24449
24519
24532
24560
24594
24600
24629
24637
24639
24656
24658
24710
24720
24773
24794
24829
24873
24898
24902
24937
24945
24977
24992
24993
25000
25015
25031
25103
25115
25138
25159
25206
25247
25248
25255
25273
25304
25367
25371
25384
25385
25436
25462
25480
25500
25524
25545
25582
25599
25606
25632
25634
25682
25723
25735
25764
25785
25799
25818
25821
25831
25850
25860
25864
25916
25957
25989
25998
25999
26008
26010
26011
26014
26016
26063
26087
26103
26124
26185
26187
26225
26257
26263
26275
26308
26359
26360
26432
26453
26456
26457
26480
26518
26534
26540
26567
26574
26587
26598
26604
26656
26658
26692
26700
26702
26719
26733
26744
26746
26747
26773
26774
26822
26841
26844
26924
26950
26971
26982
27025
27096
27114
27127
27171
27189
27204
27231
27245
27314
27400
27463
27465
27487
27493
27505
27549
27673
27674
27675
27686
27780
27843
27854
27859
27874
27882
27901
27930
27958
27959
27988
28009
28040
28067
28084
28098
28170
28178
28237
28252
28272
28300
28307
28316
28354
28359
28373
28387
28410
28433
28447
28453
28535
28536
28538
28567
28574
28577
28606
28660
28771
28777
28784
28790
28840
28877
28886
28926
28971
29009
29076
29088
29103
29114
29116
29179
29229
29245
29246
29253
29275
29292
29304
29317
29322
29388
29396
29454
29455
29460
29461
29497
29566
29575
29674
29688
29691
29744
29753
29766
29768
29775
29782
29810
29812
29831
29842
29855
29860
29914
29919
29935
29952
29966
29991
30077
30099
30111
30119
30122
30129
30131
30148
30166
30172
30185
30204
30206
30255
30272
30281
30294
30303
30336
30363
30374
30378
30381
30418
30435
30453
30462
30534
30657
30698
30721
30725
30737
30806
30845
30962
30972
30991
31030
31036
31086
31092
31099
31110
31173
31174
31178
31205
31246
31268
31319
31344
31389
31401
31415
31430
31435
31438
31494
31529
31542
31553
31654
31661
31670
31741
31779
31805
31853
31864
31867
31881
31889
31942
31982
32004
32019
32027
32066
32105
32108
32127
32173
32177
32200
32330
32349
32378
32379
32440
32444
32466
32498
32529
32533
32583
32653
32686
32696
32759
32767
32814
32824
32828
32855
32857
32870
32873
32875
32907
32915
32917
32938
32970
32984
32996
33018
33020
33047
33058
33073
33083
33088
33090
33108
33130
33136
33145
33192
33223
33250
33359
33364
33392
33398
33408
33438
33483
33503
33632
33652
33665
33697
33753
33760
33776
33816
33848
33870
33879
33944
33953
33955
33962
34050
34081
34084
34146
34179
34181
34187
34219
34227
34234
34384
34430
34439
34442
34509
34542
34553
34561
34573
34574
34602
34640
34647
34650
34655
34684
34708
34802
34835
34839
34862
34880
34885
34891
34895
34897
34988
35023
35030
35054
35069
35074
35132
35154
35195
35202
35273
35284
35293
35297
35320
35339
35412
35415
35471
35504
35559
35579
35693
35700
35728
35737
35739
35757
35767
35770
35787
35812
35820
35841
35848
35910
35926
35930
35956
35964
35986
36042
36046
36148
36190
36259
36265
36266
36269
36274
36286
36336
36337
36350
36351
36387
36403
36415
36437
36439
36445
36459
36476
36543
36551
36587
36594
36612
36615
36664
36665
36675
36701
36702
36705
36765
36790
36804
36833
36873
36942
36949
37031
37084
37094
37113
37123
37132
37155
37172
37173
37177
37196
37217
37242
37253
37255
37268
37279
37281
37304
37358
37420
37443
37464
37493
37499
37503
37505
37553
37555
37556
37560
37565
37593
37606
37616
37618
37621
37630
37632
37655
37724
37736
37762
37827
37839
37870
37874
37893
37904
37921
37949
37969
38017
38123
38141
38209
38263
38303
38355
38368
38369
38378
38419
38427
38440
38452
38457
38480
38494
38511
38555
38564
38614
38625
38684
38686
38694
38736
38761
38773
38781
38794
38813
38853
38876
38884
38899
38976
38994
39006
39014
39024
39033
39079
39129
39159
39186
39224
39277
39307
39328
39344
39408
39423
39438
39566
39577
39602
39606
39641
39672
39676
39700
39704
39710
39763
39776
39855
39965
39993
40035
40050
40102
40121
40189
40232
40247
40249
40254
40290
40337
40370
40371
40377
40412
40438
40444
40454
40457
40479
40500
40605
40609
40624
40636
40653
40688
40697
40721
40746
40752
40781
40920
40970
40999
41009
41040
41072
41148
41167
41181
41186
41201
41261
41315
41319
41352
41360
41382
41433
41500
41532
41539
41576
41645
41663
41673
41683
41684
41736
41764
41767
41817
41819
41842
41938
41958
41962
42027
42028
42040
42047
42051
42073
42080
42103
42113
42122
42138
42146
42165
42174
42220
42234
42235
42238
42313
42323
42330
42374
42395
42429
42463
42472
42521
42581
42591
42596
42654
42659
42688
42708
42713
42736
42780
42846
42890
42920
42952
42959
42961
42974
42990
43013
43023
43032
43039
43042
43068
43078
43161
43171
43185
43190
43197
43203
43205
43209
43256
43296
43314
43326
43360
43371
43379
43381
43392
43399
43408
43424
43442
43453
43487
43516
43549
43594
43632
43634
43642
43706
43707
43753
43800
43809
43813
43827
43886
43892
43926
43942
43951
43987
44000
44047
44065
44066
44103
44106
44110
44138
44144
44158
44170
44183
44194
44230
44242
44254
44264
44287
44316
44347
44353
44363
44404
44411
44454
44499
44514
44577
44624
44628
44635
44712
44715
44717
44754
44758
44759
44785
44796
44804
44817
44842
44865
44891
44921
44929
44931
44932
44984
45028
45059
45065
45068
45212
45279
45291
45336
45338
45346
45376
45385
45404
45405
45414
45422
45429
45452
45494
45511
45538
45540
45542
45567
45596
45597
45638
45669
45677
45682
45684
45713
45730
45747
45756
45786
45791
45808
45830
45876
45897
45940
45982
45988
46004
46019
46045
46063
46075
46078
46099
46113
46119
46121
46126
46147
46158
46265
46266
46268
46293
46304
46363
46393
46458
46510
46597
46609
46633
46647
46663
46689
46701
46704
46753
46816
46827
46844
46868
46871
46903
46948
46999
47010
47073
47104
47112
47123
47134
47146
47175
47194
47208
47219
47236
47285
47286
47348
47355
47367
47380
47426
47436
47465
47467
47484
47498
47499
47523
47558
47595
47626
47669
47670
47692
47744
47772
47781
47814
47818
47836
47847
47878
47955
48004
48154
48158
48172
48190
48216
48233
48280
48360
48404
48412
48498
48528
48533
48548
48557
48572
48596
48623
48634
48654
48671
48675
48705
48753
48796
48814
48819
48838
48842
48856
48868
48874
48919
48947
48985
49005
49006
49028
49050
49051
49058
49059
49078
49085
49086
49097
49132
49196
49224
49231
49274
49300
49341
49361
49368
49378
49395
49403
49411
49412
49446
49456
49480
49549
49617
49631
49720
49736
49752
49772
49781
49784
49838
49891
49919
49951
49981
49993
50040
50054
50127
50137
50144
50154
50177
50235
50305
50414
50445
50480
50557
50573
50577
50583
50607
50624
50761
50782
50786
50804
50826
50847
50848
50879
50900
50918
50973
50985
50986
50996
51006
51017
51063
51071
51078
51097
51098
51100
51150
51159
51187
51218
51245
51307
51317
51324
51325
51335
51382
51401
51406
51412
51413
51429
51472
51502
51523
51579
51593
51627
51641
51655
51673
51684
51739
51749
51772
51793
51810
51846
51847
51904
51960
51975
52008
52011
52028
52048
52067
52076
52083
52109
52148
52184
52186
52208
52248
52249
52305
52345
52377
52378
52463
52492
52511
52539
52617
52619
52632
52634
52642
52711
52762
52774
52779
52784
52833
52876
52883
52943
52994
52995
53008
53012
53082
53101
53103
53137
53160
53188
53190
53195
53196
53200
53201
53214
53241
53266
53278
53283
53284
53288
53296
53303
53345
53356
53371
53395
53418
53433
53434
53444
53452
53460
53468
53469
53504
53508
53540
53569
53650
53672
53720
53747
53748
53751
53753
53757
53811
53836
53844
53893
53911
53973
53977
53989
54052
54074
54077
54115
54192
54216
54220
54285
54296
54345
54415
54428
54442
54465
54469
54520
54534
54538
54561
54624
54628
54650
54657
54661
54672
54762
54776
54874
54881
54965
54970
54972
55003
55017
55025
55068
55075
55111
55140
55161
55195
55243
55249
55278
55291
55354
55397
55406
55417
55423
55454
55455
55483
55496
55525
55532
55560
55582
55623
55662
55672
55715
55762
55767
55788
55838
55858
55887
55890
55896
55924
55939
55956
55988
56019
56020
56027
56052
56058
56083
56087
56117
56152
56165
56187
56201
56213
56224
56263
56270
56319
56341
56345
56379
56382
56390
56404
56449
56473
56489
56491
56502
56537
56592
56616
56634
56670
56741
56746
56777
56786
56796
56841
56903
56940
56953
56954
56974
57017
57021
57026
57027
57029
57039
57122
57150
57165
57223
57231
57241
57273
57327
57342
57490
57501
57505
57520
57541
57590
57596
57632
57645
57659
57668
57669
57684
57701
57729
57730
57743
57768
57795
57801
57807
57813
57830
57866
57889
57907
57914
57926
57969
57977
57984
58001
58011
58017
58024
58032
58039
58047
58064
58080
58090
58101
58146
58154
58171
58185
58195
58213
58215
58221
58230
58233
58275
58301
58305
58307
58308
58323
58330
58360
58368
58378
58381
58383
58385
58387
58395
58400
58474
58480
58486
58509
58547
58559
58575
58600
58646
58647
58660
58691
58699
58707
58711
58713
58719
58720
58727
58731
58750
58768
58787
58791
58799
58804
58805
58851
58858
58861
58863
58873
58883
58891
58896
58899
58901
58920
58930
58933
58946
58958
58973
58975
58978
58993
58995
59027
59030
59037
59068
59069
59074
59079
59091
59097
59109
59114
59134
59143
59172
59179
59181
59221
59225
59258
59265
59267
59312
59317
59323
59330
59334
59384
59396
59412
59423
59434
59435
59439
59443
59468
59491
59503
59522
59545
59546
59562
59583
59586
59592
59624
59628
59634
59639
59648
59659
59671
59682
59691
59712
59727
59743
59746
59768
59769
59785
59796
59801
59813
59836
59851
59856
59873
59877
59889
59899
59905
59908
59941
59943
59956
59968
59971
59980
59987
59990
59996
