43
47
64
104
107
108
120
128
129
132
195
205
211
231
237
254
267
270
282
328
334
352
392
458
467
522
542
574
585
601
628
637
678
699
731
780
806
823
832
868
879
887
888
906
917
920
930
961
983
984
986
1009
1061
1065
1110
1116
1181
1213
1222
1252
1258
1275
1277
1278
1321
1332
1340
1365
1378
1413
1431
1463
1539
1634
1645
1667
1705
1839
1856
1866
1884
2049
2090
2124
2127
2130
2159
2203
2210
2257
2261
2273
2276
2290
2370
2410
2412
2413
2429
2432
2441
2480
2510
2511
2531
2547
2554
2594
2610
2629
2649
2655
2659
2662
2678
2775
2883
2938
2946
2950
2969
2974
3013
3075
3103
3117
3138
3146
3174
3188
3189
3197
3274
3275
3291
3311
3384
3385
3465
3503
3531
3555
3587
3681
3696
3756
3769
3793
3820
3835
3836
3882
3916
3920
3957
3970
3981
4008
4013
4030
4052
4054
4115
4132
4153
4226
4230
4238
4253
4286
4319
4322
4339
4348
4361
4363
4393
4401
4440
4601
4675
4780
4810
4814
4815
4822
4831
4849
4859
4888
4908
4969
4995
5007
5019
5116
5143
5154
5156
5164
5187
5233
5243
5250
5302
5310
5361
5374
5384
5399
5422
5438
5469
5482
5493
5518
5522
5547
5555
5595
5653
5678
5683
5702
5747
5788
5821
5837
5857
5870
5875
5921
5935
5947
5963
5973
5976
5997
6112
6116
6156
6158
6186
6189
6260
6275
6285
6335
6340
6342
6354
6428
6446
6455
6474
6512
6514
6531
6535
6558
6592
6635
6663
6668
6670
6671
6710
6740
6756
6771
6803
6807
6821
6831
6833
6865
6867
6951
6964
6971
6990
7013
7014
7021
7024
7031
7033
7039
7048
7081
7096
7097
7149
7170
7195
7200
7217
7225
7239
7274
7275
7295
7315
7323
7340
7352
7359
7363
7400
7462
7468
7494
7498
7507
7538
7595
7621
7630
7651
7662
7669
7671
7678
7702
7712
7727
7730
7734
7748
7752
7755
7766
7780
7803
7814
7968
8033
8059
8069
8105
8143
8144
8196
8209
8221
8260
8368
8414
8470
8527
8530
8542
8547
8557
8586
8592
8597
8618
8656
8670
8675
8726
8741
8744
8777
8886
8888
8912
8944
8954
8990
9007
9021
9039
9078
9101
9112
9135
9152
9165
9185
9209
9266
9278
9342
9348
9394
9407
9467
9470
9512
9524
9538
9653
9728
9747
9802
9868
9903
9904
9988
9994
10037
10098
10104
10130
10136
10149
10168
10181
10206
10233
10288
10311
10345
10356
10373
10393
10425
10428
10481
10518
10526
10537
10538
10564
10576
10588
10626
10638
10683
10708
10710
10717
10761
10780
10791
10792
10805
10810
10812
10828
10845
10865
10879
10892
10929
10932
10965
11011
11053
11065
11073
11078
11089
11107
11170
11178
11188
11189
11195
11207
11267
11303
11311
11316
11356
11417
11445
11447
11491
11500
11572
11577
11582
11640
11647
11657
11674
11739
11751
11763
11770
11846
11848
11863
11911
11942
11958
11965
11975
12020
12028
12044
12051
12101
12102
12106
12155
12158
12159
12181
12231
12268
12291
12300
12315
12319
12322
12330
12349
12363
12382
12383
12405
12463
12511
12532
12533
12586
12595
12623
12643
12660
12668
12736
12756
12785
12789
12830
12862
12873
12898
12904
12908
12909
12998
13004
13011
13013
13027
13036
13048
13071
13088
13114
13137
13174
13192
13231
13293
13333
13381
13393
13395
13428
13442
13446
13449
13486
13593
13599
13609
13611
13684
13697
13754
13761
13772
13777
13790
13814
13847
13860
13871
13887
13897
13918
13931
13990
14012
14018
14034
14061
14116
14120
14130
14141
14143
14203
14250
14293
14298
14299
14307
14328
14340
14354
14387
14445
14466
14496
14544
14547
14570
14590
14611
14652
14665
14668
14787
14799
14801
14820
14831
14841
14877
14885
14910
14932
14947
14973
14997
14999
15008
15021
15048
15112
15180
15187
15215
15237
15283
15288
15298
15313
15319
15339
15360
15397
15412
15466
15472
15509
15536
15564
15587
15634
15642
15663
15691
15696
15706
15734
15750
15775
15778
15779
15793
15799
15827
15831
15834
15859
15863
15866
15872
15879
15890
15924
15937
15954
15966
16007
16011
16017
16038
16041
16065
16122
16137
16158
16237
16256
16260
16287
16295
16382
16468
16489
16490
16497
16526
16538
16557
16578
16602
16632
16713
16751
16763
16779
16786
16789
16861
16874
16876
16878
16879
16885
16888
16892
16893
16897
16899
16920
16974
16988
17007
17079
17125
17197
17240
17270
17289
17358
17421
17430
17438
17443
17453
17510
17532
17568
17578
17588
17612
17620
17701
17706
17724
17733
17818
17840
17906
17926
17950
17990
17995
18000
18016
18043
18044
18080
18086
18091
18102
18105
18125
18126
18138
18176
18181
18200
18203
18237
18240
18314
18315
18323
18387
18407
18418
18419
18463
18508
18525
18568
18612
18614
18633
18679
18680
18742
18768
18774
18776
18784
18832
18853
18865
18883
18903
18910
18912
18930
18951
18954
18968
18978
19007
19011
19020
19026
19036
19097
19129
19142
19144
19271
19272
19300
19304
19356
19378
19379
19383
19399
19409
19458
19480
19526
19599
19614
19625
19633
19638
19720
19728
19729
19743
19747
19768
19777
19814
19829
19834
19848
19853
19864
19867
19881
19909
19912
19914
19980
19993
19997
20045
20081
20116
20134
20137
20150
20163
20189
20208
20260
20265
20273
20280
20329
20365
20373
20402
20404
20414
20457
20542
20552
20571
20572
20607
20626
20655
20745
20757
20783
20822
20845
20876
20910
20994
21006
21051
21077
21090
21100
21121
21132
21189
21196
21251
21365
21406
21457
21458
21491
21516
21562
21589
21598
21601
21603
21646
21705
21712
21726
21742
21805
21843
21858
21867
21868
21870
21886
21895
21930
21935
21949
21967
22026
22058
22074
22103
22117
22139
22159
22182
22199
22226
22363
22403
22412
22445
22452
22466
22467
22471
22473
22489
22522
22562
22565
22575
22626
22630
22643
22673
22686
22703
22723
22737
22747
22752
22776
22805
22827
22858
22861
22865
22936
22944
22951
22993
23019
23064
23069
23091
23095
23154
23190
23195
23196
23282
23287
23293
23313
23314
23326
23349
23364
23397
23412
23452
23462
23553
23588
23593
23599
23600
23606
23613
23627
23634
23652
23655
23702
23757
23822
23828
23833
23856
23872
23904
23930
23955
23974
24005
24035
24046
24153
24180
24181
24226
24258
24260
24271
24284
24288
24289
24296
24297
24396
24433
24440
24492
24497
24509
24537
24555
24566
24623
24647
24716
24749
24753
24766
24771
24776
24786
24846
24854
24904
24908
24943
24991
25071
25078
25112
25116
25167
25197
25208
25215
25225
25237
25270
25301
25359
25376
25380
25409
25417
25428
25434
25451
25473
25478
25521
25605
25635
25647
25648
25649
25661
25673
25678
25751
25787
25824
25874
25894
25920
25947
25963
25980
26035
26111
26122
26144
26146
26148
26174
26192
26210
26240
26244
26256
26268
26269
26302
26325
26351
26363
26369
26375
26381
26420
26477
26486
26508
26522
26537
26552
26577
26596
26610
26616
26619
26633
26706
26759
26781
26786
26796
26798
26818
26821
26919
26995
27007
27012
27013
27029
27037
27068
27069
27093
27105
27142
27157
27230
27252
27335
27346
27393
27418
27475
27504
27523
27557
27592
27610
27650
27676
27755
27778
27801
27811
27821
27851
27956
27963
27985
27994
28008
28022
28062
28128
28167
28185
28209
28246
28254
28269
28270
28290
28322
28351
28362
28392
28418
28430
28472
28589
28615
28622
28643
28709
28718
28736
28741
28760
28772
28773
28779
28798
28799
28807
28852
28897
28903
28929
28952
28968
29000
29017
29056
29090
29102
29124
29162
29224
29234
29287
29311
29338
29355
29376
29423
29447
29453
29466
29493
29496
29515
29544
29551
29571
29604
29614
29724
29726
29730
29754
29818
29828
29836
29849
29856
29865
29900
29932
29941
29984
30037
30040
30064
30088
30100
30156
30161
30177
30178
30271
30286
30304
30310
30327
30330
30346
30358
30416
30441
30475
30482
30514
30533
30541
30558
30600
30633
30642
30650
30653
30726
30765
30798
30801
30821
30823
30859
30861
30876
30889
30895
30907
30933
30987
31005
31013
31015
31033
31095
31101
31103
31107
31122
31167
31188
31191
31210
31224
31244
31251
31260
31270
31303
31307
31348
31452
31463
31469
31475
31482
31508
31534
31576
31614
31629
31673
31675
31682
31684
31687
31695
31726
31730
31732
31735
31739
31743
31774
31786
31799
31803
31820
31829
31830
31898
31899
31915
31926
31995
32021
32044
32050
32057
32060
32061
32074
32126
32134
32159
32162
32171
32185
32187
32204
32213
32214
32231
32235
32277
32311
32318
32323
32333
32368
32394
32409
32436
32437
32493
32497
32504
32528
32562
32586
32591
32595
32609
32631
32641
32645
32666
32698
32717
32719
32726
32755
32831
32856
32909
32927
32982
32983
33001
33027
33034
33051
33089
33100
33103
33236
33243
33265
33266
33314
33316
33342
33367
33439
33446
33463
33476
33486
33489
33555
33556
33557
33572
33574
33664
33684
33690
33707
33731
33766
33857
33871
33873
33883
33894
33898
33929
33943
33949
33980
33981
33986
34058
34121
34125
34135
34214
34229
34276
34279
34351
34420
34426
34440
34456
34481
34497
34512
34526
34562
34565
34591
34635
34665
34707
34713
34745
34751
34754
34776
34786
34797
34812
34854
34860
34872
34904
34931
34943
34983
34993
35003
35077
35085
35105
35182
35203
35206
35218
35251
35256
35345
35355
35377
35396
35411
35458
35475
35482
35510
35521
35538
35541
35544
35573
35624
35641
35651
35697
35833
35845
35879
35905
35931
35990
36006
36015
36032
36056
36089
36125
36141
36150
36168
36170
36186
36268
36272
36319
36324
36325
36328
36345
36346
36347
36407
36429
36461
36489
36497
36499
36505
36506
36509
36511
36564
36575
36614
36633
36638
36651
36656
36661
36698
36703
36735
36779
36816
36822
36835
36852
36897
36901
36927
36937
36944
37003
37053
37062
37121
37195
37206
37231
37260
37285
37289
37375
37428
37439
37450
37471
37482
37500
37528
37575
37674
37742
37790
37820
37829
37859
37866
37868
37871
37872
37886
37979
38025
38031
38059
38073
38088
38136
38158
38170
38191
38192
38195
38201
38226
38229
38245
38293
38308
38336
38350
38359
38390
38398
38399
38436
38446
38469
38486
38500
38571
38636
38669
38699
38700
38789
38803
38818
38940
38978
38985
38993
39063
39103
39110
39123
39125
39150
39183
39274
39281
39296
39345
39346
39375
39376
39381
39387
39401
39410
39433
39459
39483
39486
39490
39518
39534
39559
39560
39610
39629
39630
39677
39786
39842
39863
39868
39881
39912
39922
39924
39938
39943
39970
39989
39994
40003
40013
40014
40027
40038
40048
40063
40098
40113
40122
40159
40198
40199
40220
40246
40251
40264
40265
40316
40343
40347
40381
40382
40383
40434
40443
40452
40480
40502
40507
40526
40543
40558
40585
40611
40656
40662
40670
40710
40750
40766
40782
40835
40906
40908
40918
40937
40953
40973
40987
40993
40998
41030
41043
41059
41092
41105
41111
41157
41158
41188
41205
41211
41217
41222
41276
41277
41313
41321
41414
41419
41435
41436
41441
41514
41524
41546
41566
41569
41589
41603
41661
41662
41671
41675
41720
41722
41738
41752
41758
41775
41777
41787
41833
41866
41873
41881
41899
41951
41969
41990
42003
42011
42034
42044
42064
42065
42077
42115
42152
42168
42188
42206
42247
42261
42265
42276
42336
42348
42352
42355
42413
42447
42467
42509
42518
42520
42556
42582
42584
42598
42613
42621
42657
42733
42750
42753
42785
42801
42803
42822
42825
42840
42843
42888
42946
43044
43102
43113
43158
43172
43206
43218
43220
43224
43258
43279
43290
43299
43307
43376
43396
43409
43412
43430
43451
43473
43514
43522
43558
43587
43619
43656
43665
43710
43722
43732
43746
43783
43869
43955
43996
43999
44030
44032
44069
44091
44104
44133
44150
44174
44227
44243
44247
44288
44296
44308
44339
44342
44354
44376
44383
44393
44405
44417
44436
44530
44545
44551
44560
44587
44620
44661
44667
44696
44697
44705
44735
44737
44783
44789
44802
44806
44852
44864
44894
44905
44925
44934
44953
45053
45086
45118
45134
45167
45187
45202
45205
45234
45235
45241
45252
45261
45263
45264
45265
45271
45303
45355
45356
45377
45408
45418
45423
45426
45463
45498
45504
45508
45529
45532
45603
45643
45644
45683
45685
45695
45711
45757
45787
45793
45794
45818
45855
45881
45896
45898
45926
45933
45945
45950
46079
46103
46203
46207
46244
46246
46260
46290
46392
46459
46532
46569
46636
46672
46702
46710
46762
46767
46789
46817
46837
46860
46876
46893
46902
46967
47009
47015
47020
47044
47069
47081
47110
47138
47188
47189
47241
47244
47253
47360
47378
47416
47469
47492
47515
47518
47541
47561
47604
47612
47613
47726
47753
47755
47761
47762
47764
47773
47823
47848
47889
47920
47984
48053
48142
48155
48195
48215
48281
48284
48313
48399
48403
48415
48435
48441
48450
48468
48474
48558
48577
48593
48594
48599
48604
48610
48636
48669
48773
48777
48779
48840
48869
48939
48966
48980
49003
49044
49065
49069
49090
49091
49096
49135
49139
49142
49155
49169
49179
49194
49208
49278
49280
49295
49298
49313
49319
49331
49360
49376
49380
49381
49404
49476
49525
49530
49540
49545
49571
49582
49605
49607
49639
49659
49675
49709
49764
49765
49791
49834
49839
49849
49855
49859
49882
49911
49931
49935
49937
50089
50175
50185
50205
50207
50225
50258
50271
50339
50402
50450
50453
50455
50470
50479
50485
50502
50526
50536
50565
50566
50570
50620
50635
50642
50667
50718
50750
50774
50777
50822
50836
50845
50849
50850
50877
50883
50890
50901
50906
50908
50935
50990
51020
51061
51135
51140
51142
51166
51168
51196
51209
51210
51219
51220
51225
51239
51242
51268
51271
51279
51293
51321
51387
51427
51452
51491
51511
51561
51580
51596
51598
51615
51616
51634
51652
51654
51683
51728
51771
51785
51807
51808
51867
51889
51919
51943
51980
51992
52054
52058
52103
52118
52119
52121
52192
52197
52202
52260
52332
52338
52360
52367
52387
52393
52410
52411
52428
52442
52452
52459
52514
52515
52540
52563
52622
52626
52641
52643
52645
52676
52772
52789
52797
52803
52890
52899
52915
52919
52920
52922
52935
52939
52954
52970
53024
53027
53089
53090
53099
53185
53189
53226
53229
53256
53280
53306
53327
53340
53365
53390
53398
53426
53449
53455
53458
53472
53512
53519
53542
53551
53590
53596
53599
53612
53641
53679
53715
53739
53755
53795
53804
53820
53825
53833
53842
53863
53867
53912
53914
53921
53926
53933
53978
53986
54003
54165
54203
54232
54253
54281
54284
54300
54302
54318
54328
54352
54363
54426
54433
54457
54464
54496
54504
54544
54545
54547
54549
54594
54626
54635
54638
54653
54689
54739
54768
54805
54840
54888
54932
55011
55059
55071
55081
55116
55175
55184
55193
55219
55221
55242
55251
55348
55373
55385
55497
55501
55547
55557
55559
55581
55628
55669
55691
55726
55732
55761
55765
55815
55824
55877
55917
55935
55970
55978
55981
56035
56037
56043
56081
56089
56183
56192
56193
56214
56256
56257
56298
56311
56355
56360
56400
56430
56504
56510
56531
56555
56595
56612
56614
56638
56658
56673
56697
56710
56732
56745
56768
56779
56789
56792
56811
56816
56847
56855
56863
56883
56939
56941
56983
56984
57003
57009
57037
57040
57077
57087
57102
57144
57158
57236
57251
57317
57321
57380
57422
57558
57605
57650
57755
57821
57851
57900
57906
57933
57937
57952
57975
57993
58004
58009
58036
58056
58057
58060
58068
58174
58240
58262
58281
58341
58401
58423
58437
58463
58512
58533
58565
58580
58630
58640
58652
58698
58721
58724
58733
58748
58752
58763
58865
58951
58960
58965
58974
58977
58997
59016
59048
59061
59131
59142
59164
59183
59203
59223
59249
59289
59339
59344
59352
59356
59357
59413
59449
59452
59486
59489
59529
59538
59802
59883
59893
59958
59995
