16
30
48
54
56
71
84
91
137
181
228
249
252
266
300
330
331
338
347
348
350
367
391
413
416
428
431
439
440
455
457
470
479
501
509
553
560
566
604
632
645
656
662
684
685
712
746
876
902
903
912
918
949
962
988
1064
1095
1107
1120
1125
1132
1144
1204
1212
1244
1248
1256
1261
1262
1272
1297
1302
1306
1320
1400
1405
1445
1446
1467
1486
1492
1504
1527
1535
1538
1545
1563
1568
1596
1602
1646
1664
1707
1716
1733
1783
1813
1817
1824
1830
1841
1844
1881
1907
1931
1941
1943
1946
1971
1993
2001
2063
2067
2122
2158
2196
2199
2205
2227
2245
2317
2358
2385
2415
2418
2430
2479
2501
2518
2540
2602
2620
2724
2751
2756
2763
2771
2797
2806
2895
2935
3066
3087
3088
3114
3282
3302
3315
3336
3379
3391
3467
3468
3491
3504
3515
3529
3532
3550
3551
3558
3635
3636
3646
3652
3724
3736
3770
3776
3814
3826
3841
3852
3863
3898
3902
3911
4000
4014
4051
4058
4081
4223
4225
4242
4318
4320
4384
4416
4418
4432
4451
4461
4476
4557
4698
4736
4750
4769
4791
4801
4837
4872
4940
4986
4989
5018
5091
5112
5141
5162
5194
5195
5200
5308
5313
5315
5402
5426
5452
5463
5478
5481
5487
5498
5501
5509
5540
5568
5585
5613
5636
5674
5689
5761
5774
5880
5889
5909
6011
6022
6041
6044
6058
6061
6072
6115
6151
6199
6203
6217
6221
6289
6333
6355
6391
6424
6432
6445
6485
6509
6529
6566
6574
6714
6786
6797
6816
6823
6835
6842
6857
6870
6916
6937
6956
6961
7001
7023
7041
7069
7108
7121
7131
7234
7262
7286
7289
7314
7343
7364
7393
7423
7429
7430
7439
7453
7459
7479
7503
7518
7543
7612
7615
7623
7645
7688
7719
7738
7744
7747
7751
7777
7783
7841
7849
7866
7868
7899
7929
7947
7953
8009
8078
8098
8103
8109
8118
8126
8185
8289
8296
8302
8324
8348
8363
8407
8410
8419
8450
8464
8477
8584
8588
8605
8612
8620
8645
8648
8654
8662
8695
8705
8733
8753
8772
8786
8792
8804
8835
8914
8921
8941
8966
8976
9011
9016
9046
9075
9113
9139
9169
9191
9200
9201
9205
9236
9239
9327
9353
9368
9510
9523
9555
9587
9604
9606
9626
9633
9635
9657
9704
9722
9733
9778
9782
9790
9817
9829
9833
9837
9848
9895
9942
9962
9970
10023
10063
10064
10066
10108
10120
10131
10157
10163
10183
10197
10236
10248
10310
10312
10321
10330
10335
10366
10431
10440
10443
10482
10504
10560
10575
10654
10671
10674
10678
10686
10691
10703
10728
10740
10749
10751
10753
10768
10772
10777
10779
10804
10819
10822
10827
10904
10921
10936
10984
10988
11010
11022
11054
11077
11145
11158
11225
11232
11247
11257
11281
11284
11341
11354
11364
11454
11474
11479
11487
11517
11529
11532
11540
11558
11624
11646
11656
11669
11703
11722
11733
11760
11787
11802
11814
11839
11857
11894
11898
11906
11907
11922
11925
11961
11989
11992
12025
12033
12067
12074
12077
12124
12182
12222
12242
12284
12297
12326
12351
12410
12452
12482
12538
12557
12569
12597
12615
12628
12663
12670
12676
12700
12755
12762
12777
12884
12932
12941
12970
12971
12982
13101
13118
13150
13157
13161
13215
13219
13255
13260
13265
13273
13280
13290
13357
13371
13401
13436
13438
13451
13464
13479
13524
13548
13565
13572
13577
13606
13608
13612
13615
13634
13642
13680
13682
13700
13727
13733
13738
13762
13810
13822
13916
13930
13963
13969
13976
14033
14041
14047
14088
14089
14125
14167
14221
14249
14254
14277
14284
14290
14327
14341
14351
14358
14380
14396
14419
14453
14467
14485
14560
14575
14621
14632
14663
14666
14727
14750
14761
14763
14772
14788
14826
14829
14858
14868
14869
14878
14882
14926
14948
15028
15084
15093
15097
15099
15101
15124
15125
15139
15149
15183
15186
15194
15200
15202
15252
15261
15265
15266
15270
15317
15336
15404
15440
15461
15553
15568
15603
15615
15618
15652
15653
15716
15782
15809
15814
15815
15854
15892
15907
15936
15969
16016
16083
16088
16173
16201
16202
16206
16213
16231
16257
16258
16271
16281
16318
16341
16413
16424
16427
16447
16453
16457
16504
16523
16634
16642
16658
16662
16699
16800
16804
16820
16838
16856
16936
16947
16979
16995
16998
17001
17036
17046
17055
17065
17068
17082
17122
17131
17148
17152
17169
17185
17198
17230
17233
17274
17294
17301
17319
17368
17382
17386
17410
17413
17414
17415
17416
17486
17499
17541
17622
17642
17657
17676
17698
17699
17771
17786
17787
17791
17895
17897
17914
17943
17955
17978
18008
18020
18049
18053
18057
18068
18075
18085
18087
18107
18121
18212
18262
18309
18345
18360
18409
18422
18430
18469
18475
18483
18544
18566
18582
18604
18628
18646
18659
18677
18703
18710
18715
18717
18749
18775
18846
18929
18956
18958
18975
19033
19104
19121
19186
19196
19210
19217
19259
19281
19299
19313
19315
19341
19343
19352
19368
19389
19394
19396
19425
19454
19476
19559
19575
19579
19607
19634
19652
19660
19665
19690
19703
19744
19764
19824
19857
19876
19893
19931
19933
19936
19943
19977
19988
19991
19994
20006
20008
20015
20082
20121
20166
20211
20229
20253
20254
20297
20309
20316
20325
20368
20394
20450
20477
20518
20555
20567
20569
20591
20616
20628
20661
20688
20706
20731
20732
20740
20755
20759
20770
20775
20832
20868
20877
20892
20903
20917
20951
20969
20979
20985
21021
21065
21095
21105
21111
21123
21140
21174
21179
21198
21209
21213
21218
21246
21266
21270
21299
21321
21337
21352
21360
21399
21415
21443
21504
21506
21515
21590
21605
21608
21632
21661
21671
21697
21784
21798
21801
21810
21847
21906
21937
22020
22021
22108
22115
22120
22126
22177
22181
22192
22204
22217
22276
22294
22309
22311
22322
22336
22373
22431
22448
22463
22543
22592
22611
22637
22650
22667
22732
22783
22799
22808
22832
22839
22842
22843
22869
22888
22907
22937
22980
23021
23085
23111
23221
23239
23275
23294
23321
23358
23361
23368
23467
23500
23501
23512
23515
23560
23575
23598
23645
23687
23695
23721
23726
23745
23778
23816
23846
23866
23920
23932
23944
23973
23989
24024
24030
24031
24044
24068
24074
24122
24132
24143
24149
24165
24195
24197
24216
24217
24243
24309
24328
24336
24377
24426
24448
24450
24499
24518
24520
24540
24606
24631
24636
24699
24701
24704
24707
24738
24743
24777
24785
24787
24824
24833
24925
24962
25023
25039
25052
25065
25074
25079
25083
25106
25145
25198
25244
25291
25353
25383
25393
25507
25512
25517
25553
25608
25613
25616
25627
25669
25689
25694
25717
25720
25726
25739
25740
25849
25890
25902
25910
25919
25949
26023
26024
26054
26058
26061
26070
26074
26123
26134
26152
26181
26193
26216
26226
26235
26253
26258
26303
26405
26423
26433
26440
26445
26447
26448
26466
26479
26481
26490
26492
26502
26532
26585
26642
26701
26712
26713
26728
26741
26750
26758
26778
26789
26792
26848
26853
26887
26888
26901
26907
26920
26923
26932
26938
26940
26941
26998
27137
27169
27185
27241
27244
27344
27396
27428
27460
27474
27478
27494
27510
27529
27534
27560
27569
27585
27590
27601
27689
27735
27736
27738
27763
27769
27773
27792
27823
27867
27873
27984
28018
28029
28057
28066
28076
28108
28144
28150
28200
28233
28297
28311
28329
28431
28438
28441
28467
28477
28490
28505
28519
28532
28541
28547
28548
28557
28593
28651
28662
28679
28683
28705
28716
28742
28780
28850
28913
28933
28935
28974
29007
29027
29036
29042
29069
29107
29127
29151
29171
29182
29196
29251
29277
29279
29326
29357
29373
29404
29422
29437
29449
29469
29486
29522
29546
29567
29591
29599
29665
29685
29694
29717
29790
29799
29811
29813
29830
29890
29896
29911
29953
30012
30049
30057
30058
30113
30187
30201
30202
30311
30387
30401
30409
30422
30427
30449
30459
30464
30507
30525
30594
30614
30623
30626
30629
30689
30692
30719
30739
30746
30796
30858
30894
30906
30908
30924
30955
30975
31022
31035
31044
31058
31059
31066
31096
31097
31113
31133
31169
31193
31248
31277
31282
31298
31305
31311
31320
31331
31408
31424
31445
31454
31471
31506
31509
31524
31550
31567
31586
31599
31610
31615
31690
31697
31708
31762
31767
31800
31801
31806
31810
31826
31835
31840
31872
31879
31882
31923
31929
31943
31973
31984
32028
32049
32056
32082
32096
32125
32132
32149
32161
32184
32224
32227
32237
32266
32274
32307
32313
32315
32406
32413
32425
32490
32506
32522
32540
32542
32597
32607
32638
32679
32706
32709
32732
32792
32864
32884
32892
32928
32940
32953
32967
32990
33013
33061
33114
33121
33134
33146
33154
33168
33204
33257
33281
33292
33310
33382
33385
33471
33482
33526
33529
33533
33558
33571
33600
33629
33640
33696
33729
33748
33755
33779
33833
33846
33854
33886
33901
33956
33984
34000
34035
34051
34072
34088
34094
34119
34161
34199
34252
34291
34292
34303
34319
34322
34331
34379
34385
34394
34487
34505
34506
34508
34532
34660
34679
34691
34706
34815
34818
34836
34840
34857
34867
34890
34940
34968
34969
34990
35019
35028
35048
35059
35075
35120
35158
35169
35181
35186
35227
35313
35359
35365
35374
35429
35431
35432
35487
35506
35529
35547
35556
35627
35642
35655
35660
35662
35685
35701
35712
35773
35779
35796
35809
35847
35871
35900
35901
35927
36064
36079
36080
36166
36211
36212
36224
36287
36389
36391
36408
36454
36486
36494
36507
36513
36586
36617
36667
36717
36753
36807
36827
36847
36911
36922
36929
37013
37054
37102
37124
37164
37224
37237
37238
37326
37395
37396
37401
37404
37410
37444
37448
37462
37475
37516
37527
37536
37540
37547
37619
37650
37653
37683
37686
37694
37706
37746
37756
37766
37789
37799
37813
37851
37852
37857
37876
37899
37906
37924
37930
37983
37984
37989
37992
38011
38033
38049
38068
38077
38084
38090
38097
38098
38107
38139
38199
38205
38242
38243
38315
38330
38380
38387
38429
38466
38470
38472
38481
38488
38524
38582
38643
38659
38663
38728
38735
38753
38774
38795
38825
38882
38914
38933
38966
38997
39041
39050
39064
39076
39086
39091
39139
39190
39199
39250
39259
39263
39339
39351
39355
39386
39493
39496
39498
39504
39510
39526
39543
39547
39564
39620
39647
39728
39731
39771
39792
39799
39818
39885
39963
40021
40028
40034
40036
40056
40060
40077
40083
40091
40095
40106
40115
40123
40135
40149
40151
40170
40172
40182
40203
40259
40277
40281
40284
40287
40296
40336
40339
40360
40445
40486
40495
40513
40573
40589
40592
40618
40658
40663
40699
40704
40706
40715
40733
40785
40786
40800
40801
40810
40836
40846
40864
40875
40889
40922
40961
40974
40988
41013
41079
41089
41112
41142
41145
41164
41172
41173
41203
41210
41269
41312
41332
41342
41351
41355
41393
41397
41403
41409
41442
41551
41583
41587
41639
41655
41731
41748
41800
41824
41857
41888
41895
41901
41927
42019
42039
42072
42075
42084
42100
42101
42227
42279
42316
42347
42350
42366
42372
42380
42383
42409
42417
42419
42455
42499
42511
42517
42570
42593
42594
42628
42648
42723
42757
42765
42816
42819
42826
42834
42857
42866
42906
43026
43029
43084
43085
43116
43207
43222
43227
43236
43320
43349
43369
43456
43489
43502
43527
43548
43588
43597
43621
43655
43694
43701
43705
43726
43737
43742
43749
43796
43832
43841
43861
43873
43882
43887
43947
43954
43967
44003
44025
44080
44088
44124
44188
44212
44256
44266
44292
44298
44324
44333
44379
44391
44435
44474
44481
44494
44503
44521
44529
44534
44550
44559
44573
44575
44592
44594
44639
44662
44720
44740
44798
44838
44844
44887
44919
44946
44955
45035
45044
45046
45100
45102
45114
45138
45146
45192
45200
45213
45285
45312
45320
45344
45370
45379
45399
45451
45454
45457
45482
45499
45548
45629
45632
45668
45722
45822
45856
45871
45902
45946
45961
45978
46022
46069
46100
46104
46120
46137
46149
46159
46166
46198
46223
46286
46310
46319
46346
46348
46350
46379
46380
46435
46467
46498
46592
46678
46812
46822
46857
46881
46901
46905
46944
46990
47023
47055
47095
47105
47107
47118
47135
47168
47178
47190
47203
47206
47233
47235
47238
47259
47273
47277
47279
47293
47312
47328
47332
47354
47381
47402
47434
47447
47550
47638
47690
47739
47745
47748
47750
47785
47786
47822
47832
47857
47866
47869
47881
47902
47904
47939
47942
47971
48002
48006
48009
48011
48016
48068
48125
48131
48167
48175
48217
48222
48252
48276
48306
48322
48323
48328
48363
48385
48432
48491
48496
48569
48580
48622
48628
48640
48663
48665
48677
48700
48731
48778
48781
48790
48793
48794
48797
48806
48810
48859
48862
48888
48928
48988
48990
49056
49127
49146
49176
49185
49197
49206
49241
49248
49265
49268
49269
49288
49289
49290
49294
49315
49351
49356
49379
49399
49405
49409
49430
49481
49491
49562
49567
49570
49579
49583
49591
49592
49604
49612
49652
49680
49681
49692
49698
49739
49749
49811
49846
49862
49881
49901
49916
49965
49969
49970
49971
49973
50019
50055
50090
50095
50116
50122
50147
50156
50183
50203
50206
50261
50347
50392
50395
50431
50468
50469
50534
50605
50617
50654
50656
50677
50679
50695
50698
50776
50789
50796
50843
50916
50921
50947
50968
50971
50979
50984
50994
50997
51073
51124
51128
51162
51175
51227
51316
51338
51368
51377
51447
51459
51500
51506
51516
51529
51530
51531
51577
51582
51585
51613
51626
51632
51660
51663
51667
51686
51690
51694
51712
51753
51759
51760
51903
51918
51953
51961
52010
52016
52022
52037
52049
52077
52094
52142
52174
52188
52190
52210
52253
52281
52364
52383
52384
52402
52423
52437
52505
52547
52559
52592
52625
52669
52698
52720
52730
52740
52743
52745
52751
52785
52808
52814
52820
52838
52846
52872
52944
52964
52992
52997
53005
53023
53046
53055
53058
53110
53112
53119
53132
53149
53165
53236
53258
53261
53263
53273
53317
53318
53322
53333
53339
53346
53403
53420
53424
53425
53499
53513
53520
53528
53533
53541
53561
53613
53669
53697
53701
53705
53730
53734
53749
53759
53770
53848
53870
53884
53920
53922
53954
53968
53972
53992
54004
54017
54086
54153
54174
54176
54206
54212
54225
54231
54236
54243
54258
54259
54275
54306
54339
54385
54427
54489
54510
54523
54532
54536
54560
54563
54565
54586
54610
54744
54755
54781
54782
54788
54789
54835
54839
54845
54846
54910
54911
54916
54960
54962
55012
55013
55028
55050
55106
55112
55118
55151
55160
55165
55185
55200
55228
55237
55256
55282
55286
55297
55311
55317
55319
55322
55338
55389
55392
55395
55403
55420
55441
55510
55526
55528
55548
55579
55583
55632
55649
55676
55700
55701
55719
55744
55747
55757
55758
55766
55776
55814
55825
55872
55942
55948
55960
55972
55982
56002
56029
56067
56080
56119
56131
56133
56154
56226
56229
56245
56266
56273
56352
56368
56409
56427
56438
56439
56448
56486
56605
56643
56645
56655
56674
56698
56711
56773
56782
56785
56826
56830
56871
56881
56911
56933
56952
56999
57014
57015
57057
57065
57070
57074
57103
57111
57127
57134
57136
57138
57145
57172
57177
57178
57202
57243
57257
57274
57295
57313
57319
57346
57348
57353
57354
57401
57425
57439
57455
57503
57518
57553
57577
57578
57583
57587
57594
57648
57670
57680
57681
57692
57735
57796
57812
57829
57859
57876
57880
57891
57913
57939
57959
57988
58038
58095
58121
58138
58139
58143
58175
58210
58217
58235
58257
58283
58349
58350
58366
58379
58419
58446
58454
58455
58489
58490
58494
58513
58514
58517
58607
58617
58653
58674
58744
58774
58818
58820
58854
59040
59115
59132
59218
59230
59282
59301
59338
59346
59407
59473
59497
59915
59938
