62
76
81
83
96
114
148
155
156
158
183
186
200
248
264
279
339
378
394
398
418
427
432
505
511
532
533
562
620
622
664
675
698
700
755
765
807
811
816
870
904
947
982
1004
1014
1050
1058
1129
1133
1155
1168
1178
1198
1205
1253
1285
1313
1314
1352
1359
1376
1402
1409
1425
1452
1457
1476
1479
1482
1541
1618
1685
1722
1727
1738
1764
1770
1778
1788
1814
1831
1959
1980
2006
2030
2041
2058
2062
2085
2087
2093
2094
2106
2128
2135
2137
2161
2165
2185
2214
2224
2289
2327
2342
2436
2474
2481
2486
2487
2493
2500
2550
2592
2603
2628
2647
2673
2676
2702
2722
2782
2783
2787
2796
2824
2833
2842
2932
2984
2997
3003
3029
3031
3043
3051
3071
3112
3142
3182
3213
3217
3249
3318
3444
3450
3486
3501
3526
3534
3537
3639
3649
3706
3730
3731
3737
3751
3868
3870
3907
3960
3974
3984
3986
3994
3999
4072
4077
4144
4157
4206
4250
4260
4317
4325
4387
4420
4433
4452
4457
4459
4465
4525
4529
4533
4538
4548
4550
4623
4636
4652
4666
4674
4682
4754
4756
4803
4856
4866
4914
4971
4990
5023
5066
5115
5134
5168
5248
5261
5269
5301
5317
5326
5380
5389
5431
5460
5553
5603
5606
5611
5638
5658
5667
5691
5701
5713
5751
5767
5772
5781
5783
5807
5852
5886
5919
5956
5958
6014
6017
6021
6056
6096
6120
6127
6140
6148
6167
6175
6177
6179
6180
6211
6232
6288
6346
6367
6374
6381
6387
6417
6423
6429
6431
6453
6499
6520
6542
6606
6608
6617
6636
6642
6646
6678
6692
6801
6802
6841
6850
6864
6900
6911
6934
6936
6972
7047
7049
7054
7104
7112
7123
7166
7269
7309
7346
7348
7355
7372
7394
7405
7406
7427
7456
7505
7548
7576
7580
7599
7601
7642
7643
7687
7694
7700
7717
7741
7756
7782
7813
7815
7842
7844
7851
7887
7905
7916
7936
7957
8013
8029
8044
8065
8121
8163
8204
8231
8237
8255
8293
8300
8303
8322
8326
8357
8359
8370
8387
8403
8428
8431
8455
8536
8578
8581
8625
8633
8668
8679
8685
8689
8708
8710
8715
8729
8760
8809
8818
8837
8843
8866
8889
8922
8994
9047
9087
9100
9102
9114
9147
9157
9164
9173
9178
9192
9193
9210
9215
9226
9234
9237
9247
9249
9269
9287
9292
9301
9316
9344
9385
9416
9427
9431
9438
9461
9481
9488
9508
9516
9540
9545
9585
9588
9614
9658
9669
9680
9682
9703
9737
9744
9774
9812
9834
9867
9914
9935
9936
9960
10053
10055
10101
10110
10134
10139
10147
10194
10210
10214
10286
10298
10336
10370
10411
10429
10455
10489
10545
10546
10547
10590
10598
10606
10617
10651
10659
10662
10669
10673
10737
10744
10750
10798
10832
10860
10896
10913
10926
10966
11012
11047
11074
11102
11112
11147
11164
11184
11192
11193
11203
11223
11230
11239
11250
11278
11321
11332
11360
11412
11441
11483
11507
11579
11596
11610
11629
11643
11689
11697
11740
11757
11780
11794
11821
11824
11843
11851
11897
11941
11987
11993
12041
12063
12099
12196
12198
12200
12263
12265
12277
12287
12293
12311
12317
12329
12331
12366
12391
12433
12450
12522
12622
12642
12658
12659
12731
12732
12738
12763
12788
12864
12867
12912
12917
12918
12929
12980
13052
13083
13097
13104
13107
13156
13187
13203
13220
13223
13275
13320
13323
13334
13337
13342
13359
13361
13424
13437
13470
13494
13500
13539
13574
13580
13595
13618
13638
13645
13652
13660
13671
13701
13718
13745
13774
13827
13853
13879
13884
13898
13902
13904
13909
13938
13941
13945
13966
14017
14027
14049
14085
14148
14149
14170
14206
14220
14262
14273
14315
14332
14350
14363
14366
14390
14393
14435
14477
14489
14516
14574
14588
14595
14607
14616
14640
14643
14661
14672
14680
14695
14700
14713
14747
14770
14794
14822
14848
14864
14931
14950
14988
14989
15022
15027
15056
15069
15082
15106
15190
15217
15219
15221
15251
15289
15295
15296
15297
15304
15345
15348
15363
15417
15418
15444
15462
15483
15546
15625
15687
15693
15727
15730
15746
15758
15781
15792
15805
15880
15902
15912
15921
15925
15972
16023
16026
16053
16057
16061
16097
16101
16125
16156
16176
16182
16192
16193
16209
16214
16224
16239
16261
16309
16342
16361
16365
16467
16555
16563
16579
16616
16620
16633
16673
16675
16677
16686
16719
16805
16807
16826
16835
16841
16842
16872
16935
16937
16943
16954
16967
16971
16993
17024
17067
17099
17117
17137
17180
17184
17223
17237
17251
17341
17401
17412
17432
17448
17452
17478
17503
17521
17524
17525
17539
17550
17592
17600
17627
17649
17665
17667
17687
17708
17728
17741
17746
17788
17805
17811
17825
17845
17856
17908
17977
18025
18028
18039
18129
18157
18165
18241
18248
18252
18284
18303
18362
18370
18385
18424
18434
18453
18479
18497
18518
18526
18540
18558
18585
18589
18599
18610
18629
18654
18664
18682
18693
18745
18761
18785
18796
18808
18830
18849
18887
18891
18937
18942
19010
19050
19100
19106
19127
19140
19151
19202
19285
19310
19322
19369
19370
19374
19386
19475
19484
19495
19496
19509
19521
19529
19545
19552
19554
19560
19574
19674
19679
19698
19714
19717
19761
19772
19790
19799
19815
19826
19837
19873
19939
19998
19999
20004
20011
20014
20038
20049
20063
20084
20099
20140
20143
20155
20215
20219
20221
20240
20267
20390
20400
20445
20497
20519
20537
20563
20582
20606
20622
20643
20671
20723
20734
20793
20794
20813
20823
20834
20874
20914
20989
21026
21032
21072
21107
21120
21161
21176
21181
21199
21204
21241
21244
21253
21279
21317
21324
21332
21336
21362
21370
21379
21381
21411
21432
21439
21447
21550
21635
21643
21664
21715
21733
21751
21869
21907
21925
21945
21980
21981
21984
22012
22040
22044
22088
22105
22151
22173
22194
22202
22232
22239
22245
22298
22324
22394
22402
22404
22410
22455
22458
22468
22470
22481
22548
22581
22606
22617
22655
22669
22731
22773
22824
22831
22838
22845
22850
22898
22905
22991
23027
23044
23046
23048
23072
23079
23097
23120
23126
23134
23148
23150
23170
23174
23214
23215
23219
23233
23280
23289
23318
23341
23366
23389
23394
23441
23481
23535
23569
23605
23608
23676
23697
23720
23737
23742
23750
23754
23818
23829
23835
23839
23900
23931
23949
23984
23992
24052
24103
24110
24129
24167
24174
24191
24228
24266
24290
24308
24330
24340
24344
24370
24376
24383
24390
24410
24453
24459
24480
24494
24513
24574
24592
24644
24653
24675
24677
24682
24723
24726
24818
24906
24911
24926
24933
24936
24959
24973
25003
25024
25046
25057
25067
25097
25108
25173
25177
25195
25201
25243
25265
25300
25327
25333
25339
25356
25386
25418
25422
25492
25496
25518
25532
25548
25555
25557
25618
25654
25657
25675
25698
25724
25768
25796
25797
25808
25817
25832
25853
25880
25901
25904
25952
25960
25973
25993
26020
26037
26048
26093
26120
26130
26132
26208
26215
26217
26252
26265
26285
26332
26364
26368
26384
26409
26435
26474
26539
26624
26637
26660
26663
26753
26823
26873
26881
26882
26892
26895
26898
26905
26933
26943
26957
26972
26980
27002
27014
27028
27036
27042
27071
27118
27143
27145
27152
27163
27181
27186
27188
27248
27254
27321
27356
27357
27363
27387
27441
27445
27453
27470
27479
27480
27485
27486
27498
27577
27687
27756
27767
27815
27829
27862
27877
27921
27948
27993
28021
28039
28051
28139
28158
28160
28174
28189
28195
28213
28217
28259
28283
28309
28325
28328
28336
28348
28403
28419
28426
28428
28454
28473
28506
28521
28544
28561
28612
28656
28667
28671
28676
28703
28708
28722
28735
28776
28801
28817
28844
28960
28969
29010
29023
29025
29045
29064
29106
29112
29119
29144
29165
29177
29195
29213
29216
29237
29308
29325
29329
29331
29441
29482
29535
29600
29611
29624
29639
29662
29664
29677
29693
29704
29723
29743
29793
29796
29808
29826
29829
29954
29983
30029
30041
30047
30055
30092
30118
30128
30139
30141
30143
30149
30167
30170
30203
30226
30273
30335
30354
30386
30392
30407
30419
30444
30480
30499
30591
30621
30631
30636
30683
30707
30720
30728
30743
30755
30758
30768
30771
30794
30831
30844
30862
30864
30875
30886
30899
30936
30986
31002
31014
31031
31081
31135
31156
31183
31196
31198
31203
31247
31266
31308
31316
31339
31343
31378
31393
31405
31426
31428
31451
31453
31458
31464
31473
31533
31612
31630
31647
31656
31707
31773
31817
31836
31918
31957
32037
32071
32099
32100
32118
32190
32206
32208
32272
32279
32289
32296
32350
32370
32371
32432
32445
32473
32544
32587
32618
32682
32738
32794
32830
32887
32888
32948
33026
33033
33057
33059
33069
33080
33087
33102
33167
33189
33197
33216
33231
33241
33297
33313
33322
33328
33386
33388
33407
33409
33415
33580
33639
33661
33700
33712
33715
33723
33793
33801
33820
33829
33858
33863
33965
33968
33977
33985
33993
34118
34123
34136
34162
34183
34262
34277
34298
34308
34309
34364
34396
34397
34435
34438
34447
34450
34502
34510
34517
34538
34549
34550
34579
34581
34586
34609
34616
34627
34654
34668
34672
34675
34683
34726
34732
34733
34817
34832
34841
34842
34844
34851
34863
34917
34926
34932
34952
34958
34996
35011
35034
35087
35111
35138
35152
35175
35230
35302
35322
35323
35334
35335
35343
35384
35417
35450
35463
35497
35501
35514
35548
35576
35696
35719
35721
35722
35837
35893
35907
35917
35938
35963
36002
36003
36022
36023
36033
36034
36041
36061
36065
36083
36098
36176
36213
36215
36252
36263
36279
36342
36352
36381
36394
36401
36406
36416
36435
36534
36570
36592
36595
36655
36710
36713
36716
36725
36726
36751
36789
36791
36824
36826
36851
36880
36885
36903
36928
36930
36950
36954
36957
36958
37011
37096
37108
37109
37117
37160
37200
37212
37258
37273
37282
37330
37352
37371
37408
37432
37446
37456
37472
37554
37562
37654
37725
37730
37748
37787
37791
37801
37806
37879
37883
37900
37905
37923
37938
37995
38023
38047
38138
38155
38197
38251
38277
38289
38301
38302
38319
38373
38497
38508
38509
38513
38516
38559
38562
38581
38590
38629
38650
38698
38717
38726
38727
38738
38757
38770
38792
38800
38837
38856
38868
38880
38938
39004
39007
39029
39044
39054
39066
39119
39158
39182
39211
39223
39225
39271
39293
39362
39363
39374
39383
39419
39425
39444
39449
39482
39485
39503
39513
39565
39568
39591
39626
39640
39649
39657
39667
39684
39715
39733
39773
39789
39810
39811
39838
39845
39867
39869
39908
39917
39942
39945
39962
39973
40000
40022
40145
40153
40156
40174
40179
40202
40221
40231
40242
40270
40271
40315
40324
40392
40461
40469
40471
40498
40546
40564
40603
40608
40620
40625
40727
40743
40744
40755
40773
40789
40809
40843
40870
40925
40945
40951
40964
40968
40980
41033
41137
41150
41153
41177
41191
41199
41243
41272
41293
41353
41378
41423
41443
41496
41519
41523
41527
41528
41562
41599
41615
41704
41708
41710
41744
41797
41808
41812
41827
41839
41844
41850
41856
41905
41967
41992
42006
42007
42061
42071
42093
42145
42160
42162
42180
42203
42207
42208
42218
42248
42262
42268
42292
42319
42327
42333
42393
42408
42410
42446
42522
42548
42562
42571
42608
42614
42646
42649
42660
42677
42694
42709
42711
42735
42790
42795
42808
42812
42842
42861
42917
42947
42950
42969
42971
42988
43021
43036
43060
43061
43098
43112
43121
43140
43169
43310
43312
43337
43355
43359
43364
43420
43425
43445
43455
43462
43499
43507
43552
43571
43592
43687
43696
43702
43704
43713
43750
43769
43773
43789
43791
43792
43799
43828
43834
43837
43866
43898
43903
43906
43950
43968
44034
44120
44157
44168
44181
44193
44195
44198
44200
44205
44222
44257
44258
44259
44268
44431
44441
44475
44487
44517
44523
44531
44572
44603
44671
44679
44680
44689
44700
44731
44736
44753
44755
44773
44820
44828
44845
44853
44874
44893
44897
44948
44959
44963
44987
45020
45023
45029
45050
45070
45077
45091
45126
45149
45160
45168
45194
45195
45198
45206
45215
45228
45274
45282
45308
45329
45411
45412
45417
45431
45525
45530
45552
45564
45621
45655
45661
45681
45743
45753
45766
45767
45782
45805
45815
45819
45825
45845
45867
45875
45913
45959
45963
45973
45984
45985
45987
45991
45995
46007
46194
46199
46235
46263
46270
46275
46306
46307
46332
46386
46407
46428
46437
46476
46518
46529
46538
46546
46554
46558
46591
46593
46616
46640
46645
46674
46731
46733
46735
46737
46744
46756
46759
46815
46819
46832
46834
46841
46867
46890
46899
46914
46920
46935
46975
46992
47060
47090
47145
47151
47153
47172
47211
47274
47291
47296
47341
47384
47392
47404
47440
47456
47468
47474
47507
47525
47582
47681
47693
47695
47706
47712
47723
47738
47751
47756
47792
47803
47833
47855
47859
47879
47887
47929
47930
47938
47975
47986
47987
47988
47999
48039
48054
48081
48082
48085
48176
48180
48206
48212
48225
48237
48246
48353
48454
48462
48556
48587
48661
48673
48678
48774
48783
48789
48830
48873
48882
48933
48967
49009
49020
49060
49080
49116
49211
49232
49243
49297
49312
49317
49335
49346
49349
49358
49385
49435
49484
49513
49523
49550
49561
49621
49650
49658
49708
49727
49735
49743
49753
49757
49778
49789
49799
49803
49805
49812
49875
49998
50026
50049
50052
50058
50069
50083
50134
50157
50166
50186
50236
50269
50272
50341
50396
50418
50429
50438
50494
50507
50519
50542
50563
50580
50595
50599
50611
50648
50665
50713
50742
50744
50784
50815
50833
50856
50880
50939
50957
51014
51084
51123
51125
51130
51137
51172
51193
51221
51233
51234
51288
51302
51326
51339
51392
51400
51457
51468
51512
51520
51584
51602
51606
51629
51640
51680
51698
51727
51744
51756
51766
51773
51819
51924
51930
51938
51973
51998
52002
52006
52039
52069
52078
52097
52156
52194
52220
52232
52234
52242
52250
52280
52313
52315
52324
52343
52351
52425
52446
52484
52485
52537
52555
52562
52570
52589
52616
52652
52691
52706
52709
52721
52731
52799
52816
52824
52880
52887
52912
52937
52945
52958
52988
53015
53036
53041
53063
53085
53105
53123
53145
53156
53166
53207
53217
53245
53249
53274
53285
53320
53343
53375
53474
53495
53557
53564
53611
53649
53656
53661
53673
53704
53723
53743
53774
53781
53858
53915
53950
54000
54021
54084
54109
54120
54161
54189
54221
54299
54305
54367
54388
54394
54405
54418
54421
54448
54515
54659
54663
54734
54756
54796
54827
54956
54976
54978
55020
55095
55103
55167
55169
55188
55189
55209
55212
55287
55332
55368
55380
55396
55415
55472
55503
55555
55609
55657
55678
55746
55800
55809
55823
55857
55871
55875
55879
55927
55954
55969
55989
55990
56017
56021
56057
56136
56179
56207
56275
56308
56331
56349
56467
56588
56636
56682
56685
56734
56739
56800
56848
56860
56862
56870
57061
57093
57104
57123
57166
57179
57234
57246
57247
57266
57268
57270
57304
57306
57339
57347
57407
57416
57449
57487
57488
57507
57519
57538
57603
57667
57674
57700
57722
57726
57739
57740
57773
57786
57789
57793
57819
57853
57872
57873
57943
57951
57972
57985
57986
58003
58040
58048
58074
58079
58092
58131
58148
58155
58168
58197
58207
58225
58227
58272
58276
58286
58290
58345
58353
58354
58370
58377
58380
58397
58416
58435
58438
58439
58487
58522
58590
58595
58610
58643
58656
58667
58671
58673
58693
58701
58706
58738
58741
58755
58778
58812
58824
58841
58846
58848
58877
58878
58890
58911
58915
58924
58943
58969
58999
59062
59072
59121
59139
59177
59180
59191
59212
59215
59245
59248
59251
59313
59350
59362
59411
59424
59433
59445
59469
59492
59513
59554
59637
59652
59654
59695
59696
59738
59763
59764
59766
59767
59773
59803
59812
59817
59829
59834
59951
