9
44
58
61
93
139
161
323
335
400
414
471
485
580
594
598
606
619
709
710
858
860
883
893
897
914
936
939
940
950
989
1041
1052
1102
1104
1128
1138
1227
1242
1247
1269
1292
1294
1322
1347
1354
1357
1412
1461
1474
1490
1499
1502
1528
1544
1551
1566
1590
1614
1621
1628
1665
1713
1714
1740
1768
1786
1791
1802
1812
1845
1850
1869
1875
1904
1922
1936
1938
1975
1986
2010
2024
2052
2065
2147
2150
2162
2168
2190
2218
2248
2259
2262
2300
2315
2335
2354
2399
2401
2409
2438
2440
2521
2539
2668
2838
2846
2886
2914
2936
3030
3062
3067
3080
3106
3110
3111
3116
3137
3141
3156
3171
3200
3215
3223
3260
3373
3376
3392
3411
3421
3447
3451
3502
3510
3542
3549
3552
3565
3643
3686
3728
3802
3850
3876
3880
3917
3930
3931
3950
4063
4094
4121
4194
4215
4233
4248
4279
4291
4297
4307
4314
4354
4443
4448
4462
4478
4498
4513
4518
4581
4729
4757
4778
4820
4825
4854
4861
4862
4906
4923
4928
4937
4968
4988
4991
5013
5028
5053
5056
5122
5135
5142
5150
5171
5207
5209
5225
5244
5296
5332
5333
5400
5411
5475
5480
5505
5516
5544
5562
5567
5634
5650
5668
5672
5675
5687
5697
5704
5722
5743
5745
5765
5775
5845
5853
5887
5892
5933
5934
5981
5993
5994
6025
6033
6053
6091
6117
6124
6132
6154
6208
6215
6262
6274
6293
6307
6345
6370
6378
6379
6380
6393
6394
6410
6441
6473
6502
6522
6536
6540
6551
6575
6583
6589
6661
6697
6739
6747
6761
6770
6815
6839
6872
6879
6907
6912
6958
6974
6976
6987
7042
7044
7045
7086
7169
7221
7260
7267
7272
7281
7292
7310
7382
7387
7392
7416
7460
7486
7493
7517
7519
7535
7549
7604
7609
7619
7629
7677
7691
7714
7715
7723
7737
7746
7790
7797
7806
7821
7823
7872
7896
7903
7922
7927
7961
7972
7995
8012
8024
8046
8077
8180
8183
8217
8352
8402
8430
8474
8486
8506
8532
8541
8555
8569
8673
8697
8703
8724
8727
8743
8746
8767
8844
8845
8891
8924
8938
8973
8982
9012
9029
9031
9045
9068
9091
9203
9268
9277
9290
9310
9324
9346
9351
9369
9377
9432
9447
9449
9504
9534
9568
9573
9581
9586
9613
9641
9644
9663
9668
9702
9721
9725
9726
9762
9764
9766
9767
9775
9822
9863
9905
9919
9938
10032
10046
10068
10166
10235
10272
10304
10308
10315
10324
10325
10337
10349
10379
10385
10387
10388
10447
10449
10469
10470
10510
10582
10591
10649
10664
10695
10697
10699
10709
10729
10734
10745
10759
10808
10809
10821
10894
10928
10939
10940
10941
10949
10951
10959
10987
10998
11001
11019
11045
11063
11064
11094
11101
11114
11115
11142
11148
11182
11186
11200
11263
11313
11340
11349
11366
11385
11413
11476
11502
11508
11519
11526
11557
11637
11667
11690
11708
11719
11779
11785
11793
11805
11899
11916
11938
11985
12000
12070
12079
12108
12163
12164
12228
12251
12252
12264
12290
12309
12328
12350
12371
12395
12401
12411
12412
12418
12441
12442
12456
12459
12509
12559
12561
12562
12574
12580
12590
12600
12612
12614
12618
12687
12711
12741
12743
12759
12782
12784
12800
12818
12834
12899
12906
12907
12925
12963
12975
12983
12986
12987
12996
13000
13044
13055
13067
13143
13146
13149
13176
13204
13205
13277
13292
13304
13310
13325
13328
13344
13354
13402
13409
13443
13482
13485
13510
13601
13602
13616
13619
13685
13692
13704
13709
13715
13734
13757
13778
13787
13800
13896
13991
14001
14039
14057
14109
14111
14190
14214
14217
14288
14310
14348
14370
14401
14410
14446
14457
14479
14518
14535
14550
14551
14556
14562
14569
14593
14622
14625
14626
14641
14642
14738
14739
14775
14793
14804
14810
14818
14914
14937
14943
14981
14993
14994
15042
15061
15071
15072
15131
15142
15182
15192
15196
15211
15225
15233
15241
15245
15290
15331
15368
15375
15388
15406
15422
15467
15532
15538
15644
15664
15711
15765
15803
15817
15838
15845
15855
15857
15861
15881
15923
15946
15982
16046
16067
16106
16113
16166
16170
16175
16195
16211
16250
16263
16374
16378
16429
16442
16449
16474
16501
16528
16531
16590
16615
16659
16717
16752
16756
16761
16768
16783
16790
16803
16848
16871
16913
16916
16921
16927
16933
16956
16968
16994
17014
17020
17023
17045
17057
17095
17141
17150
17156
17171
17202
17291
17337
17364
17381
17396
17417
17466
17504
17527
17544
17565
17575
17579
17610
17672
17682
17718
17740
17760
17800
17941
17946
17949
17960
17966
18022
18024
18055
18092
18093
18094
18127
18130
18133
18146
18149
18156
18168
18190
18193
18249
18269
18273
18292
18293
18295
18320
18337
18351
18371
18375
18380
18392
18412
18415
18435
18457
18507
18528
18535
18554
18583
18622
18644
18648
18668
18673
18702
18707
18709
18756
18778
18818
18886
18896
18900
18984
18995
19006
19032
19057
19130
19173
19207
19214
19235
19236
19238
19243
19254
19275
19290
19306
19340
19342
19381
19393
19422
19474
19503
19561
19563
19584
19587
19592
19619
19662
19682
19693
19697
19709
19742
19785
19803
19811
19847
19901
19978
19981
20017
20022
20068
20073
20093
20100
20147
20181
20184
20216
20224
20239
20262
20275
20388
20412
20418
20430
20438
20455
20467
20496
20529
20546
20580
20592
20613
20630
20633
20675
20746
20767
20778
20780
20791
20819
20824
20833
20852
20884
20945
20977
21002
21048
21079
21086
21092
21104
21168
21195
21225
21261
21263
21264
21283
21294
21322
21323
21330
21331
21442
21444
21460
21483
21486
21519
21554
21561
21569
21604
21618
21674
21678
21684
21701
21732
21755
21761
21786
21792
21831
21833
21836
21853
21883
21910
21926
21931
22036
22070
22072
22093
22101
22145
22150
22154
22164
22210
22218
22266
22296
22318
22325
22338
22339
22354
22376
22386
22421
22480
22488
22497
22527
22530
22533
22550
22588
22596
22618
22623
22649
22677
22706
22719
22726
22740
22796
22801
22841
22856
22879
22901
22921
22985
22999
23010
23053
23058
23068
23117
23168
23186
23192
23223
23224
23231
23234
23240
23266
23283
23290
23319
23328
23344
23381
23408
23409
23410
23415
23422
23487
23524
23536
23541
23574
23581
23585
23622
23674
23677
23679
23717
23723
23729
23763
23777
23804
23814
23834
23849
23857
23862
23910
23936
23985
24017
24045
24071
24083
24085
24090
24096
24127
24130
24147
24151
24169
24249
24250
24263
24287
24301
24303
24360
24388
24431
24500
24525
24551
24554
24573
24584
24635
24642
24690
24693
24698
24708
24712
24715
24765
24784
24823
24859
24870
24875
24876
24877
24891
24895
24897
24983
24985
24995
25004
25013
25017
25037
25044
25049
25093
25118
25151
25186
25240
25294
25308
25322
25328
25329
25337
25338
25343
25366
25391
25459
25477
25495
25528
25550
25577
25592
25594
25603
25667
25690
25701
25713
25719
25744
25766
25780
25813
25823
25829
25847
25861
25915
25941
25942
25943
25981
26006
26009
26015
26018
26019
26031
26033
26038
26064
26069
26091
26139
26147
26153
26158
26164
26194
26212
26223
26238
26241
26271
26331
26387
26404
26427
26506
26527
26544
26556
26558
26592
26726
26729
26745
26790
26809
26837
26839
26855
26866
26872
26879
26926
26962
26991
27024
27067
27081
27115
27144
27207
27217
27269
27329
27332
27376
27398
27401
27405
27422
27457
27468
27509
27514
27516
27568
27604
27606
27619
27623
27638
27671
27710
27723
27760
27783
27808
27846
27863
27883
27924
27970
27992
27998
27999
28016
28068
28107
28132
28140
28146
28169
28180
28205
28214
28219
28263
28293
28302
28380
28429
28439
28469
28537
28545
28580
28599
28616
28627
28649
28652
28677
28699
28719
28724
28746
28754
28796
28811
28814
28820
28866
28983
29094
29121
29128
29130
29131
29136
29137
29178
29240
29256
29273
29296
29313
29340
29351
29371
29384
29401
29416
29419
29440
29488
29538
29557
29558
29569
29570
29597
29626
29636
29655
29675
29687
29710
29721
29748
29765
29907
29925
29929
29986
30018
30038
30135
30137
30175
30184
30186
30194
30199
30219
30231
30233
30236
30312
30377
30412
30461
30598
30612
30647
30655
30659
30687
30751
30775
30853
30872
30888
30890
30928
30956
30988
31048
31069
31090
31126
31134
31140
31155
31194
31200
31219
31227
31257
31283
31338
31361
31362
31397
31422
31442
31443
31515
31539
31548
31574
31587
31590
31608
31626
31683
31719
31760
31761
31878
31906
31944
31956
32020
32062
32089
32106
32133
32207
32215
32269
32293
32347
32361
32376
32395
32421
32457
32475
32481
32482
32488
32509
32530
32531
32552
32580
32592
32598
32604
32610
32693
32729
32753
32821
32838
32876
32902
32912
32913
32963
32965
33032
33038
33049
33070
33094
33107
33174
33176
33195
33215
33226
33242
33288
33312
33320
33329
33335
33344
33361
33375
33402
33504
33507
33523
33531
33535
33590
33592
33611
33624
33650
33668
33692
33754
33765
33772
33792
33795
33868
33881
33885
33893
33995
34017
34031
34038
34099
34120
34134
34156
34173
34190
34191
34194
34226
34245
34248
34268
34273
34284
34285
34300
34334
34362
34378
34388
34419
34422
34448
34463
34499
34522
34552
34614
34702
34734
34757
34774
34785
34790
34792
34804
34820
34830
34859
34871
34898
34935
34972
34973
34986
35013
35024
35038
35113
35125
35136
35141
35159
35180
35183
35193
35223
35257
35318
35325
35369
35375
35380
35402
35424
35465
35472
35571
35602
35636
35650
35680
35702
35706
35801
35802
35817
35852
35870
35897
35920
35921
35951
35979
35983
36040
36078
36204
36235
36239
36244
36281
36282
36297
36309
36310
36362
36363
36485
36522
36542
36576
36607
36627
36628
36644
36671
36672
36700
36708
36724
36727
36742
36763
36776
36780
36787
36832
36921
36945
36985
37006
37086
37091
37107
37125
37147
37157
37176
37194
37209
37226
37228
37241
37248
37250
37287
37303
37308
37318
37335
37376
37415
37422
37437
37511
37512
37515
37566
37570
37620
37642
37669
37671
37684
37692
37703
37710
37711
37726
37727
37741
37763
37769
37812
37822
37856
37887
37888
37914
37925
37928
37956
37967
37986
38006
38014
38024
38034
38044
38064
38071
38083
38211
38217
38262
38326
38341
38392
38415
38464
38533
38585
38588
38600
38608
38642
38647
38657
38666
38672
38676
38712
38756
38870
38877
38881
38890
38891
38913
38931
38979
39020
39040
39049
39053
39065
39085
39089
39094
39152
39155
39168
39174
39204
39226
39233
39282
39290
39310
39312
39393
39441
39450
39458
39464
39472
39505
39538
39563
39576
39579
39593
39599
39646
39652
39654
39661
39668
39670
39682
39683
39783
39803
39839
39865
39872
39895
39990
40005
40074
40084
40103
40224
40239
40245
40273
40279
40310
40314
40341
40367
40380
40496
40542
40548
40600
40622
40654
40684
40691
40712
40735
40780
40821
40829
40844
40856
40863
40943
40962
40997
41021
41049
41096
41113
41170
41183
41219
41225
41295
41314
41331
41340
41347
41391
41430
41445
41453
41460
41461
41483
41495
41499
41521
41529
41531
41542
41568
41651
41658
41679
41685
41693
41701
41721
41754
41755
41792
41831
41861
41872
41880
41981
42036
42057
42066
42112
42114
42147
42153
42169
42210
42296
42297
42303
42312
42362
42376
42397
42407
42415
42416
42421
42450
42478
42489
42500
42505
42519
42523
42532
42535
42617
42683
42712
42721
42725
42871
42881
42885
42930
42931
42960
43027
43080
43087
43160
43188
43211
43233
43273
43285
43304
43328
43335
43346
43353
43365
43386
43417
43427
43439
43443
43519
43544
43557
43575
43608
43627
43661
43671
43688
43695
43719
43741
43788
43798
43836
43937
43943
43946
43962
43969
43990
44013
44022
44073
44105
44136
44146
44152
44187
44192
44214
44217
44241
44269
44310
44345
44382
44386
44400
44420
44455
44509
44522
44555
44578
44605
44611
44656
44693
44706
44721
44738
44744
44812
44814
44826
44829
44830
44889
44895
44912
44915
44980
45001
45021
45054
45084
45085
45087
45119
45158
45170
45242
45259
45268
45314
45315
45331
45334
45402
45421
45488
45506
45518
45533
45556
45578
45657
45687
45691
45703
45709
45728
45731
45831
45832
45846
45853
45877
46026
46048
46061
46065
46092
46174
46175
46210
46215
46234
46239
46277
46312
46321
46325
46460
46468
46472
46473
46487
46507
46570
46595
46623
46628
46653
46654
46679
46711
46712
46715
46722
46740
46771
46823
46825
46864
46895
46910
46937
46965
46968
47030
47048
47052
47063
47064
47117
47147
47155
47196
47249
47272
47276
47313
47339
47401
47406
47413
47421
47429
47439
47455
47475
47506
47517
47542
47570
47587
47617
47628
47630
47648
47650
47672
47752
47795
47827
47873
47886
47954
47973
47982
48013
48021
48029
48035
48110
48129
48156
48210
48282
48308
48316
48317
48354
48367
48373
48382
48431
48433
48475
48480
48486
48502
48519
48565
48609
48621
48643
48645
48655
48667
48670
48710
48756
48860
48884
48899
48945
48953
48969
48978
48979
49004
49027
49048
49054
49071
49093
49107
49156
49171
49183
49186
49198
49237
49266
49301
49327
49342
49359
49374
49377
49393
49442
49444
49501
49534
49557
49575
49589
49602
49672
49674
49691
49717
49732
49740
49773
49816
49825
49832
49883
49889
49903
49908
49921
49947
49949
49972
49980
49987
49997
50004
50009
50033
50086
50104
50153
50169
50262
50268
50311
50323
50333
50337
50354
50449
50533
50535
50600
50615
50616
50638
50682
50692
50711
50726
50730
50739
50773
50818
50874
50894
50926
50981
51031
51046
51095
51099
51115
51185
51223
51259
51304
51312
51320
51327
51371
51415
51444
51469
51479
51481
51501
51562
51630
51687
51786
51795
51803
51816
51817
51824
51868
51871
51923
51951
51955
51974
51990
51991
52060
52085
52100
52150
52222
52225
52230
52262
52269
52287
52300
52307
52312
52316
52326
52341
52447
52454
52474
52499
52567
52595
52597
52609
52630
52660
52675
52710
52716
52768
52782
52802
52832
52853
52860
52904
52916
52963
52990
53017
53050
53061
53084
53092
53106
53120
53199
53204
53246
53302
53328
53376
53401
53427
53446
53488
53489
53494
53503
53515
53525
53545
53667
53713
53714
53742
53761
53763
53802
53824
53839
53928
53941
53942
54014
54022
54069
54144
54178
54187
54188
54304
54313
54316
54320
54321
54323
54429
54430
54512
54542
54570
54571
54676
54691
54695
54741
54848
54849
54924
54949
54987
55052
55065
55073
55084
55098
55099
55159
55171
55181
55197
55211
55257
55280
55301
55315
55439
55457
55460
55470
55482
55521
55535
55545
55563
55587
55622
55651
55655
55666
55695
55716
55754
55775
55780
55789
55826
55856
55901
55907
55967
55976
56039
56074
56121
56169
56177
56184
56190
56222
56264
56317
56323
56348
56371
56397
56402
56413
56417
56424
56464
56482
56484
56528
56543
56552
56558
56574
56617
56619
56622
56646
56679
56707
56730
56758
56761
56770
56859
56865
56902
56917
56927
57033
57075
57080
57091
57095
57118
57128
57130
57180
57183
57185
57204
57210
57222
57232
57249
57267
57279
57290
57303
57334
57427
57433
57469
57502
57527
57545
57565
57567
57576
57598
57647
57685
57708
57709
57716
57762
57783
57790
57792
57820
57823
57836
57844
57850
57852
57919
57923
57928
57968
57997
58012
58070
58072
58094
58099
58119
58126
58147
58150
58189
58242
58243
58274
58314
58315
58335
58399
58481
58492
58495
58521
58577
58588
58618
58622
58626
58635
58642
58735
58746
58781
58783
58789
58843
58845
58869
58892
58902
58919
58925
58929
58931
58988
58994
59002
59012
59045
59073
59077
59101
59104
59112
59113
59117
59119
59151
59159
59173
59210
59246
59322
59363
59375
59417
59422
59428
59430
59441
59453
59476
59484
59487
59506
59509
59521
59539
59585
59604
59609
59615
59617
59683
59703
59704
59710
59715
59737
59740
59741
59747
59852
