77
98
100
145
162
167
175
210
219
224
236
260
271
277
304
312
384
429
463
473
474
480
512
513
538
543
555
584
595
610
613
618
643
796
800
834
842
851
859
874
895
900
915
919
951
966
970
1042
1117
1153
1172
1173
1185
1191
1199
1201
1235
1268
1308
1330
1388
1395
1404
1417
1473
1494
1497
1500
1510
1529
1548
1559
1570
1581
1611
1626
1629
1632
1648
1655
1668
1676
1701
1703
1752
1767
1774
1849
1865
1885
1924
1925
1927
1939
1948
1951
1988
2004
2031
2040
2044
2056
2059
2100
2112
2192
2223
2238
2253
2269
2334
2336
2348
2353
2359
2367
2374
2428
2443
2453
2466
2470
2525
2528
2538
2546
2556
2572
2680
2685
2691
2734
2736
2813
2823
2861
2871
2874
2921
2927
2977
2981
2985
2989
3014
3065
3095
3134
3135
3152
3181
3324
3378
3408
3420
3448
3449
3520
3521
3539
3614
3659
3661
3671
3711
3713
3721
3763
3792
3810
3830
3869
3926
3949
3969
3987
3996
4061
4076
4099
4108
4120
4128
4129
4146
4150
4172
4185
4197
4211
4217
4232
4265
4289
4300
4304
4321
4442
4464
4483
4515
4541
4583
4585
4616
4629
4665
4686
4703
4710
4743
4748
4824
4829
4832
4922
4959
4967
5033
5035
5050
5057
5058
5062
5098
5140
5147
5176
5183
5222
5267
5305
5342
5372
5395
5420
5440
5442
5474
5499
5519
5560
5590
5615
5618
5630
5694
5726
5740
5766
5808
5888
5894
5904
5911
5925
5928
5930
5941
5957
5972
6040
6093
6121
6159
6227
6257
6281
6305
6314
6409
6422
6468
6478
6489
6497
6525
6562
6581
6612
6735
6743
6765
6777
6795
6894
6909
7034
7074
7075
7110
7115
7148
7160
7171
7211
7224
7228
7233
7259
7326
7342
7358
7421
7443
7502
7539
7542
7552
7570
7578
7608
7631
7647
7656
7674
7708
7713
7718
7726
7732
7760
7773
7779
7781
7809
7818
7861
7862
7893
7925
7986
8005
8045
8104
8112
8129
8136
8158
8165
8197
8227
8242
8247
8268
8307
8320
8321
8333
8384
8424
8476
8485
8488
8491
8502
8508
8514
8519
8521
8616
8623
8644
8676
8686
8718
8731
8783
8794
8858
8896
8913
8928
8952
8956
8962
9054
9069
9089
9092
9158
9255
9298
9312
9371
9372
9401
9415
9417
9424
9484
9550
9562
9571
9589
9665
9672
9686
9692
9707
9709
9724
9729
9732
9753
9796
9811
9816
9826
9846
9860
9909
9925
9943
10011
10061
10081
10152
10169
10204
10215
10245
10255
10259
10271
10301
10371
10376
10399
10402
10422
10451
10454
10467
10484
10497
10500
10502
10520
10523
10557
10594
10610
10627
10676
10679
10716
10767
10886
10895
10898
10902
10910
10946
10975
11002
11020
11026
11042
11043
11075
11081
11088
11106
11160
11162
11196
11202
11206
11216
11219
11248
11344
11393
11396
11402
11405
11428
11432
11446
11482
11542
11548
11551
11580
11585
11600
11717
11743
11765
11784
11827
11836
11837
11866
11867
11868
11921
11931
11954
12001
12016
12029
12052
12075
12103
12132
12201
12216
12221
12234
12269
12298
12307
12312
12323
12334
12361
12375
12398
12435
12445
12529
12556
12613
12635
12638
12640
12703
12709
12745
12747
12758
12767
12794
12854
12869
12871
12903
12954
13038
13053
13054
13059
13111
13135
13151
13152
13164
13240
13253
13272
13283
13314
13396
13418
13420
13435
13456
13467
13489
13521
13570
13594
13610
13643
13668
13674
13698
13716
13719
13750
13781
13797
13833
13835
13838
13851
13875
13895
13901
13919
13949
13957
13974
14002
14064
14065
14066
14068
14075
14084
14095
14097
14179
14204
14211
14227
14233
14240
14261
14280
14296
14349
14362
14368
14400
14405
14409
14420
14448
14451
14483
14484
14538
14591
14600
14631
14670
14675
14681
14748
14765
14842
14850
14851
14874
14903
14907
14909
14913
14919
14963
14983
15001
15002
15041
15049
15058
15138
15175
15178
15199
15208
15214
15216
15299
15315
15322
15330
15376
15380
15387
15432
15516
15528
15551
15555
15576
15599
15605
15613
15622
15719
15720
15738
15748
15764
15769
15774
15801
15806
15808
15828
15888
15919
15929
15962
15994
16001
16010
16012
16024
16025
16027
16058
16059
16069
16090
16118
16120
16126
16150
16186
16228
16254
16317
16366
16376
16377
16383
16390
16456
16466
16483
16484
16541
16549
16596
16687
16701
16726
16731
16732
16735
16773
16863
16903
16905
16930
16949
16976
17016
17035
17075
17129
17133
17153
17212
17225
17239
17286
17346
17366
17393
17395
17398
17418
17437
17455
17464
17484
17485
17514
17515
17518
17593
17595
17632
17646
17664
17681
17736
17767
17776
17822
17848
17870
17876
17905
17913
17927
17928
17956
17968
17999
18001
18004
18007
18035
18037
18048
18144
18145
18147
18228
18239
18245
18251
18312
18336
18354
18359
18388
18410
18423
18428
18437
18444
18455
18461
18472
18473
18574
18581
18631
18653
18667
18681
18697
18699
18712
18714
18736
18777
18779
18781
18782
18788
18827
18840
18893
18904
18908
18993
19003
19008
19031
19046
19071
19088
19155
19164
19199
19203
19209
19229
19266
19286
19316
19355
19421
19507
19582
19594
19598
19628
19631
19636
19700
19732
19734
19752
19798
19809
19831
19862
19890
19908
19910
19915
19942
19956
19962
19970
20000
20018
20097
20105
20126
20128
20130
20158
20172
20198
20225
20228
20231
20237
20286
20289
20296
20315
20330
20356
20386
20410
20433
20436
20460
20472
20621
20625
20632
20674
20682
20782
20872
20875
20889
20916
21009
21036
21061
21074
21091
21141
21150
21173
21202
21232
21307
21319
21344
21345
21353
21356
21369
21387
21401
21418
21481
21487
21513
21575
21657
21663
21706
21709
21734
21804
21811
21824
21826
21855
21879
21891
21900
21940
22002
22038
22082
22084
22111
22121
22130
22147
22174
22198
22212
22222
22229
22243
22246
22281
22291
22293
22299
22315
22332
22344
22347
22379
22453
22475
22492
22494
22501
22519
22539
22567
22583
22585
22598
22607
22632
22652
22663
22671
22709
22755
22771
22788
22791
22792
22844
22884
22894
22927
22933
22935
22956
22959
23040
23052
23086
23101
23102
23105
23121
23125
23130
23159
23183
23184
23211
23218
23261
23281
23308
23312
23338
23352
23353
23357
23376
23391
23402
23426
23446
23458
23459
23488
23547
23557
23562
23563
23611
23614
23635
23640
23670
23672
23727
23741
23746
23753
23772
23776
23782
23807
23852
23882
23889
23892
23954
23964
23971
23990
24001
24019
24036
24038
24069
24075
24107
24117
24161
24168
24172
24178
24246
24294
24298
24300
24334
24338
24355
24381
24397
24419
24428
24464
24465
24466
24488
24530
24539
24544
24546
24567
24579
24602
24605
24618
24661
24668
24670
24685
24744
24760
24761
24788
24798
24802
24813
24825
24837
24867
24896
24924
24934
24955
25002
25045
25110
25169
25205
25250
25287
25340
25349
25357
25365
25389
25461
25467
25631
25643
25651
25677
25685
25704
25721
25748
25765
25769
25803
25804
25825
25830
25833
25845
25907
25918
25948
25966
25987
26068
26128
26170
26176
26200
26233
26261
26267
26274
26297
26342
26398
26412
26424
26441
26465
26517
26566
26570
26584
26586
26601
26652
26673
26689
26717
26742
26748
26752
26780
26813
26816
26828
26842
26862
26864
26876
26890
26913
26921
26922
26964
26983
26986
27005
27043
27062
27132
27141
27192
27201
27223
27227
27282
27309
27330
27341
27361
27362
27372
27378
27399
27407
27455
27459
27537
27538
27546
27567
27584
27630
27661
27698
27701
27704
27745
27748
27752
27753
27800
27805
27828
27848
27878
27900
27902
27928
27946
28028
28103
28110
28112
28116
28123
28127
28131
28134
28141
28224
28225
28310
28321
28331
28370
28381
28386
28390
28423
28440
28495
28513
28515
28530
28562
28628
28641
28654
28687
28695
28749
28803
28821
28863
28865
28875
28890
28914
28948
28959
28990
29001
29012
29026
29048
29057
29096
29100
29138
29154
29199
29210
29272
29378
29448
29451
29520
29560
29582
29616
29622
29667
29696
29732
29737
29747
29757
29819
29858
29863
29878
29916
29926
29943
29981
29993
30001
30035
30075
30080
30105
30110
30114
30124
30198
30225
30263
30298
30320
30350
30367
30371
30375
30410
30428
30429
30432
30470
30476
30477
30548
30585
30605
30709
30722
30736
30757
30781
30792
30793
30804
30805
30814
30822
30829
30868
30874
30877
30926
30946
31034
31041
31047
31089
31138
31170
31216
31264
31274
31301
31341
31349
31375
31390
31406
31417
31466
31470
31478
31486
31516
31518
31546
31581
31605
31636
31703
31753
31771
31785
31798
31823
31856
31876
31880
31888
31936
31938
31967
31978
31981
31985
32073
32080
32091
32101
32107
32111
32114
32122
32135
32139
32148
32150
32174
32201
32205
32218
32229
32303
32338
32345
32348
32362
32382
32383
32408
32453
32500
32515
32520
32557
32589
32634
32689
32713
32737
32743
32761
32832
32852
32880
32900
32903
32937
32943
32951
32954
32991
32993
33015
33043
33064
33131
33198
33206
33222
33269
33279
33306
33308
33350
33366
33372
33406
33431
33450
33472
33530
33536
33540
33604
33634
33717
33777
33821
33896
33917
33926
33946
33973
33978
33987
33994
34003
34068
34076
34091
34126
34132
34140
34171
34185
34192
34228
34240
34283
34288
34305
34314
34330
34335
34340
34372
34416
34427
34443
34453
34476
34491
34514
34523
34527
34547
34571
34661
34670
34687
34694
34699
34750
34765
34778
34798
34809
34810
34828
34868
34959
34966
34974
34975
34981
35041
35061
35076
35108
35122
35205
35219
35225
35253
35254
35264
35271
35276
35311
35319
35321
35333
35356
35360
35361
35362
35364
35438
35462
35470
35517
35525
35611
35615
35619
35625
35628
35637
35646
35667
35678
35686
35759
35807
35822
35824
35839
35923
35924
35943
35971
35987
35995
36021
36045
36048
36102
36104
36114
36117
36154
36162
36182
36195
36219
36255
36292
36331
36333
36338
36344
36356
36367
36393
36399
36422
36431
36478
36514
36523
36541
36579
36598
36619
36741
36749
36767
36771
36792
36834
36840
36866
36871
36878
37010
37020
37044
37052
37110
37112
37156
37193
37204
37214
37220
37229
37235
37283
37298
37309
37315
37351
37359
37363
37385
37427
37466
37495
37539
37592
37607
37633
37660
37664
37677
37722
37760
37773
37777
37796
37810
37832
37847
37854
37895
37910
37916
37937
37941
37943
37944
37981
38000
38128
38140
38175
38212
38291
38300
38388
38400
38411
38414
38425
38455
38477
38510
38541
38570
38628
38631
38692
38703
38704
38722
38732
38754
38772
38801
38835
38895
38903
38980
38981
38992
39019
39038
39057
39077
39101
39120
39149
39157
39208
39212
39214
39216
39252
39254
39261
39262
39314
39391
39414
39436
39468
39487
39488
39491
39499
39536
39644
39648
39664
39692
39703
39772
39781
39797
39828
39841
39847
39851
39859
39878
39890
39920
39927
39928
39935
39956
39967
39971
39996
40001
40004
40026
40037
40101
40136
40171
40229
40303
40312
40349
40385
40404
40419
40430
40462
40468
40497
40531
40560
40576
40583
40632
40649
40666
40700
40719
40740
40761
40814
40819
40867
40883
40887
40965
40966
40977
41004
41066
41073
41078
41097
41107
41115
41118
41182
41212
41229
41233
41236
41238
41241
41270
41274
41301
41372
41449
41476
41494
41515
41565
41573
41586
41594
41607
41633
41654
41659
41660
41677
41688
41715
41746
41768
41773
41837
41838
41852
41879
41886
41928
41964
41976
41980
42041
42046
42092
42096
42098
42108
42151
42187
42226
42230
42278
42280
42308
42314
42368
42381
42390
42402
42507
42508
42558
42585
42612
42618
42623
42651
42672
42684
42692
42714
42738
42783
42789
42811
42824
42838
42845
42865
42874
42889
42910
42911
42968
42975
42989
42999
43002
43045
43048
43071
43104
43110
43123
43156
43168
43181
43263
43280
43321
43334
43340
43463
43492
43513
43535
43624
43625
43649
43651
43673
43697
43760
43806
43899
43910
43958
44064
44099
44155
44169
44220
44226
44231
44240
44294
44304
44313
44323
44332
44520
44546
44604
44626
44632
44634
44648
44722
44769
44778
44791
44800
44808
44823
44827
44857
44872
44899
44969
44999
45017
45026
45045
45058
45099
45125
45127
45172
45182
45244
45258
45290
45318
45319
45322
45345
45348
45387
45409
45450
45544
45547
45568
45600
45605
45623
45641
45739
45741
45749
45751
45799
45810
45833
45858
45862
45939
46009
46049
46055
46064
46124
46129
46160
46222
46227
46252
46276
46283
46284
46295
46298
46366
46377
46385
46419
46422
46438
46440
46444
46497
46555
46713
46748
46752
46763
46775
46854
46858
46889
46916
46925
46997
47013
47017
47019
47043
47070
47072
47076
47116
47132
47141
47165
47246
47263
47327
47340
47364
47389
47432
47437
47457
47483
47524
47553
47596
47609
47674
47697
47840
47841
47854
47864
47885
47888
47916
47937
47950
47993
48023
48026
48036
48066
48074
48076
48138
48157
48163
48184
48201
48244
48264
48275
48302
48327
48356
48364
48368
48414
48424
48439
48483
48501
48509
48518
48527
48539
48629
48638
48672
48750
48760
48823
48827
48879
48907
48918
48946
48970
48972
48998
49025
49072
49073
49111
49112
49148
49253
49267
49299
49303
49343
49363
49375
49436
49448
49453
49464
49474
49503
49520
49521
49527
49529
49552
49559
49587
49608
49613
49625
49640
49648
49654
49684
49696
49738
49745
49756
49782
49796
49814
49847
49852
49906
49914
49944
49954
49985
50006
50046
50050
50130
50193
50260
50264
50267
50278
50283
50304
50309
50319
50321
50338
50372
50384
50397
50510
50532
50547
50568
50640
50646
50664
50666
50703
50716
50722
50737
50741
50775
50801
50807
50809
50823
50829
50892
50923
50949
50951
50977
51035
51039
51048
51053
51055
51066
51085
51090
51101
51114
51173
51192
51249
51290
51331
51361
51365
51373
51395
51402
51407
51436
51449
51467
51487
51525
51540
51556
51568
51589
51609
51668
51692
51709
51716
51775
51778
51779
51802
51812
51822
51826
51849
51863
51895
51909
51997
52057
52064
52114
52137
52170
52185
52209
52216
52218
52231
52236
52254
52266
52271
52283
52296
52317
52340
52359
52430
52443
52458
52507
52521
52536
52546
52551
52560
52577
52608
52722
52737
52837
52843
52848
52873
52906
52957
52971
52980
53003
53016
53073
53097
53146
53157
53167
53174
53180
53225
53295
53304
53344
53355
53372
53374
53385
53393
53412
53450
53496
53526
53552
53576
53588
53594
53646
53657
53685
53722
53724
53731
53812
53838
53868
53885
53909
53937
53939
53944
53949
54019
54028
54037
54048
54059
54070
54093
54097
54127
54128
54141
54171
54204
54230
54262
54322
54325
54336
54358
54390
54397
54408
54410
54441
54519
54533
54593
54614
54640
54667
54723
54728
54748
54749
54760
54763
54766
54770
54784
54798
54807
54812
54825
54838
54890
54906
54913
54943
54946
54998
55002
55007
55021
55085
55134
55143
55166
55180
55210
55222
55235
55264
55273
55314
55329
55353
55358
55390
55427
55448
55509
55533
55556
55593
55634
55641
55644
55674
55709
55811
55818
55850
55859
55923
55943
55949
55961
55997
56007
56070
56093
56097
56106
56178
56181
56203
56212
56221
56235
56260
56268
56280
56300
56342
56403
56469
56530
56533
56557
56576
56577
56585
56607
56630
56633
56647
56660
56663
56681
56684
56686
56743
56780
56850
56919
56936
56961
56976
57031
57085
57094
57140
57146
57163
57229
57281
57333
57345
57359
57362
57376
57395
57398
57437
57446
57517
57571
57581
57591
57618
57675
57678
57694
57714
57731
57742
57747
57751
57842
57882
57894
57940
58023
58073
58078
58087
58156
58190
58194
58224
58247
58260
58293
58297
58316
58332
58367
58373
58374
58396
58403
58418
58464
58478
58507
58539
58636
58661
58704
58736
58825
58832
58872
58932
59021
59229
59231
59237
59327
59328
59420
59471
59535
59547
59551
59559
59937
59966
