22
68
109
185
194
207
217
218
227
235
238
253
258
302
307
325
370
371
372
381
433
446
452
478
488
526
548
567
607
640
666
688
692
707
717
728
749
762
773
781
787
793
808
849
871
913
933
958
973
975
980
995
1006
1027
1038
1062
1091
1114
1122
1123
1124
1139
1170
1186
1187
1196
1221
1249
1257
1276
1316
1333
1338
1364
1368
1386
1434
1485
1503
1572
1578
1607
1612
1631
1637
1677
1689
1725
1726
1729
1732
1766
1780
1790
1818
1823
1854
1860
1862
1877
1899
1903
1911
1937
2008
2009
2011
2017
2037
2055
2060
2109
2114
2132
2133
2175
2189
2200
2213
2256
2260
2270
2305
2310
2366
2426
2437
2445
2457
2519
2522
2527
2549
2570
2585
2588
2626
2638
2643
2667
2710
2715
2729
2743
2778
2825
2848
2859
2865
2923
2925
2960
2979
2988
3022
3085
3099
3122
3191
3195
3201
3206
3301
3312
3323
3372
3400
3401
3404
3405
3462
3471
3479
3481
3505
3524
3527
3530
3612
3669
3690
3720
3723
3743
3745
3746
3778
3794
3827
3831
3853
3877
3928
3954
3961
3966
4007
4029
4034
4046
4060
4064
4118
4174
4195
4221
4245
4261
4312
4385
4396
4415
4421
4441
4480
4485
4527
4568
4578
4580
4658
4660
4693
4701
4718
4725
4730
4746
4762
4772
4773
4788
4790
4835
4846
4875
4886
4889
4904
4921
4930
4938
4945
4982
4992
4998
4999
5014
5051
5128
5139
5152
5186
5212
5281
5291
5300
5303
5338
5371
5414
5421
5467
5489
5546
5557
5586
5612
5644
5707
5712
5724
5782
5799
5846
5863
5877
5897
5910
6015
6031
6063
6094
6101
6135
6139
6146
6172
6187
6209
6243
6245
6254
6272
6277
6286
6328
6338
6368
6383
6413
6437
6450
6462
6464
6476
6488
6495
6518
6521
6577
6603
6623
6631
6633
6638
6639
6665
6674
6677
6698
6725
6744
6805
6895
6898
6906
6914
6947
6960
6968
6993
7015
7040
7078
7114
7118
7141
7180
7189
7242
7277
7328
7332
7345
7408
7418
7419
7425
7436
7440
7470
7478
7532
7562
7587
7590
7606
7617
7625
7634
7672
7720
7770
7834
7846
7860
7870
7878
7906
7911
7928
7998
8007
8114
8157
8189
8239
8240
8261
8343
8346
8395
8398
8399
8411
8498
8504
8535
8561
8563
8627
8629
8655
8678
8684
8699
8706
8785
8931
8936
8959
9022
9026
9034
9048
9051
9140
9182
9195
9213
9286
9294
9322
9347
9419
9437
9477
9495
9513
9530
9598
9619
9630
9640
9649
9677
9727
9730
9758
9759
9772
9777
9795
9804
9836
9869
9883
9894
9910
9934
9946
10017
10026
10029
10075
10080
10095
10100
10107
10201
10211
10212
10217
10243
10264
10270
10333
10344
10351
10365
10416
10554
10558
10605
10615
10618
10645
10650
10658
10668
10675
10681
10682
10788
10859
10872
10877
10888
10890
10943
10971
10973
10989
11008
11031
11039
11049
11083
11138
11141
11179
11214
11235
11241
11280
11285
11295
11315
11346
11352
11359
11374
11382
11389
11395
11411
11419
11433
11442
11489
11522
11527
11567
11586
11608
11615
11619
11648
11664
11673
11744
11745
11762
11775
11792
11799
11829
11855
11902
11909
11924
11944
11950
11977
11997
12005
12043
12048
12068
12110
12113
12131
12143
12154
12156
12177
12185
12193
12197
12205
12213
12214
12266
12336
12338
12358
12370
12379
12390
12528
12651
12705
12721
12734
12744
12768
12769
12778
12804
12808
12859
12880
12913
12931
12935
12944
12945
12952
12997
13139
13145
13160
13169
13218
13248
13257
13266
13268
13286
13331
13348
13378
13388
13421
13463
13513
13518
13529
13566
13578
13592
13617
13631
13644
13678
13683
13712
13789
13832
13874
13935
13961
13979
13999
14058
14059
14062
14067
14096
14104
14106
14122
14138
14168
14177
14185
14195
14229
14230
14231
14248
14260
14289
14297
14321
14336
14343
14347
14367
14375
14397
14398
14495
14514
14520
14524
14530
14548
14553
14582
14654
14657
14658
14690
14702
14708
14717
14718
14721
14723
14741
14755
14819
14821
14836
14844
14870
14887
14915
14930
14945
14977
14984
15024
15029
15087
15127
15166
15203
15231
15249
15285
15316
15371
15385
15394
15396
15447
15459
15480
15486
15496
15507
15515
15530
15560
15569
15612
15626
15676
15694
15743
15760
15770
15819
15862
15882
15891
15901
15903
15909
15927
16018
16032
16045
16139
16143
16148
16149
16183
16200
16204
16225
16253
16266
16270
16335
16348
16433
16434
16448
16455
16459
16471
16502
16516
16522
16525
16544
16552
16562
16594
16638
16663
16670
16684
16709
16715
16723
16728
16772
16774
16812
16827
16896
16901
16923
16955
16999
17003
17027
17072
17146
17159
17166
17170
17183
17210
17275
17277
17303
17305
17332
17365
17394
17454
17502
17526
17529
17549
17602
17607
17691
17703
17723
17748
17779
17851
17852
17853
17867
17887
17909
17924
17954
17964
17989
17993
18003
18026
18031
18115
18132
18221
18235
18243
18244
18260
18288
18334
18335
18386
18459
18486
18529
18532
18564
18597
18655
18657
18670
18674
18678
18687
18705
18728
18786
18809
18813
18821
18841
18844
18972
18977
18985
18991
19001
19015
19016
19030
19040
19131
19141
19163
19215
19216
19220
19234
19237
19247
19263
19273
19288
19301
19328
19367
19385
19415
19442
19449
19461
19479
19489
19490
19513
19527
19551
19626
19655
19659
19666
19711
19823
19850
19885
19887
19918
19919
19946
20096
20149
20156
20186
20187
20199
20201
20268
20290
20291
20310
20337
20346
20351
20370
20398
20487
20510
20531
20540
20547
20553
20585
20595
20617
20638
20657
20659
20680
20687
20710
20716
20749
20764
20773
20807
20818
20846
20848
20921
20929
20948
20998
21025
21038
21067
21171
21222
21229
21238
21269
21278
21280
21311
21313
21328
21339
21376
21425
21436
21459
21469
21502
21510
21537
21539
21548
21600
21623
21641
21662
21677
21738
21739
21741
21766
21802
21825
21848
21871
21894
21923
21928
21955
21983
21990
22081
22112
22140
22162
22172
22190
22236
22247
22272
22282
22287
22302
22319
22345
22364
22396
22424
22434
22449
22472
22520
22553
22560
22573
22595
22620
22678
22681
22683
22714
22750
22758
22774
22789
22820
22821
22833
22852
22866
22900
22920
22923
22942
22960
22972
22976
22983
22996
23007
23022
23024
23096
23106
23110
23112
23245
23249
23270
23296
23320
23372
23418
23428
23482
23508
23545
23573
23665
23673
23704
23706
23733
23768
23769
23793
23803
23836
23891
23979
23982
23987
24015
24016
24047
24062
24087
24091
24131
24133
24185
24213
24230
24237
24269
24310
24324
24339
24354
24408
24413
24460
24470
24498
24556
24575
24612
24728
24733
24739
24791
24806
24814
24861
24887
24892
24905
24913
24948
24969
24971
25018
25019
25032
25033
25043
25056
25082
25101
25128
25132
25165
25183
25187
25199
25229
25241
25249
25286
25318
25336
25361
25369
25397
25400
25460
25464
25509
25520
25522
25556
25575
25581
25625
25666
25686
25728
25729
25732
25737
25760
25767
25770
25772
25840
25844
25866
25886
25889
25893
25895
25906
25912
25925
25932
25959
25974
25991
25996
26012
26030
26043
26062
26066
26078
26082
26084
26086
26121
26142
26222
26232
26330
26347
26395
26415
26430
26458
26461
26599
26640
26647
26650
26671
26724
26727
26756
26761
26763
26807
26836
26851
26854
26871
26902
26930
26949
26955
26968
26975
26979
26989
26994
27090
27103
27124
27125
27136
27238
27247
27266
27273
27284
27298
27308
27312
27349
27366
27385
27449
27513
27521
27547
27640
27648
27649
27668
27679
27696
27747
27749
27796
27826
27853
27870
27907
27941
27942
27945
28025
28053
28055
28060
28075
28095
28143
28145
28148
28151
28164
28166
28181
28227
28268
28356
28360
28397
28398
28442
28478
28498
28508
28524
28534
28555
28570
28592
28618
28620
28621
28624
28693
28759
28765
28767
28813
28828
28853
28858
28864
28879
28902
28905
28939
28945
28951
28972
29019
29060
29084
29108
29110
29125
29142
29172
29220
29231
29259
29323
29339
29362
29403
29414
29439
29443
29457
29465
29477
29514
29523
29528
29532
29534
29543
29550
29589
29618
29638
29718
29728
29767
29822
29850
29857
29876
29903
29904
29934
29940
29960
29976
29978
29999
30060
30063
30066
30071
30079
30106
30147
30162
30182
30224
30253
30291
30308
30341
30380
30395
30396
30400
30423
30437
30451
30487
30494
30518
30549
30586
30593
30606
30613
30625
30646
30729
30750
30764
30879
30896
30903
30917
30931
30940
30990
30996
30997
31021
31026
31070
31087
31116
31119
31136
31142
31152
31158
31172
31222
31306
31314
31321
31322
31386
31411
31419
31439
31505
31510
31512
31536
31547
31562
31592
31600
31649
31705
31737
31748
31749
31813
31845
31848
31862
31877
31891
31905
31932
31940
31946
31955
31971
31993
32088
32116
32167
32170
32225
32243
32248
32249
32295
32316
32388
32399
32426
32518
32521
32523
32536
32565
32588
32617
32622
32642
32739
32763
32771
32775
32790
32793
32802
32807
32812
32825
32862
32868
32899
32908
32926
32931
32966
32969
32972
32974
32978
32985
32999
33008
33012
33030
33042
33053
33067
33142
33149
33183
33191
33229
33274
33284
33286
33411
33448
33451
33455
33459
33466
33481
33519
33546
33647
33649
33689
33693
33767
33775
33794
33807
33835
33841
33877
33989
34055
34061
34070
34097
34137
34163
34170
34212
34218
34269
34297
34324
34338
34370
34409
34457
34473
34515
34518
34598
34600
34648
34652
34690
34696
34715
34766
34772
34801
34829
34831
34874
34927
34950
34957
34967
35005
35008
35014
35027
35056
35079
35088
35090
35112
35123
35147
35161
35171
35211
35212
35229
35244
35263
35291
35300
35315
35391
35395
35401
35406
35418
35494
35533
35565
35601
35654
35668
35681
35682
35752
35755
35763
35775
35781
35797
35851
35863
35940
35975
35985
36062
36063
36072
36099
36116
36128
36172
36220
36245
36261
36322
36380
36410
36434
36458
36465
36481
36488
36527
36532
36544
36547
36593
36618
36622
36642
36668
36678
36694
36709
36736
36745
36747
36748
36752
36855
36861
36887
36890
36898
36917
36946
36975
36979
36980
37030
37046
37061
37065
37119
37183
37198
37208
37236
37240
37280
37301
37302
37306
37339
37356
37402
37407
37477
37585
37588
37594
37598
37610
37627
37636
37649
37672
37719
37758
37819
37824
37831
37845
37892
37929
37973
37976
37978
37982
38016
38075
38078
38171
38174
38188
38208
38220
38237
38241
38273
38282
38321
38325
38340
38342
38379
38382
38412
38417
38418
38433
38448
38547
38606
38656
38667
38716
38765
38809
38822
38841
38857
38862
38898
38919
38921
38932
38942
38999
39031
39034
39042
39055
39098
39116
39117
39126
39134
39145
39146
39188
39191
39222
39236
39249
39283
39291
39294
39313
39341
39371
39443
39461
39520
39522
39531
39539
39548
39624
39625
39671
39673
39687
39690
39698
39725
39745
39768
39802
39804
39848
39888
39914
39983
40015
40018
40061
40090
40109
40141
40161
40162
40163
40205
40210
40214
40222
40253
40256
40262
40268
40288
40297
40302
40322
40323
40329
40338
40356
40357
40399
40420
40423
40427
40435
40463
40530
40554
40581
40582
40630
40634
40705
40729
40748
40762
40767
40796
40872
40903
40905
40928
40946
41037
41045
41081
41108
41127
41171
41232
41247
41284
41289
41303
41316
41320
41337
41388
41438
41439
41446
41492
41503
41520
41533
41598
41620
41665
41712
41724
41726
41728
41743
41745
41762
41810
41829
41835
41900
41920
41940
41963
41975
42053
42107
42173
42197
42201
42212
42221
42251
42256
42277
42289
42328
42403
42430
42456
42466
42481
42485
42537
42550
42603
42631
42632
42641
42653
42707
42719
42754
42773
42778
42779
42796
42817
42847
42856
42867
42879
42955
42958
42973
42983
42991
43008
43017
43022
43035
43083
43118
43136
43154
43166
43182
43192
43193
43208
43215
43255
43294
43327
43330
43378
43384
43393
43402
43414
43418
43470
43532
43564
43574
43577
43609
43628
43666
43667
43736
43780
43793
43816
43843
43850
43972
44002
44054
44059
44093
44125
44142
44143
44172
44234
44252
44290
44305
44309
44335
44355
44414
44480
44542
44566
44568
44574
44668
44723
44775
44787
44837
44869
44888
44901
44906
44911
44936
44962
44996
44998
45002
45018
45030
45036
45040
45052
45082
45083
45110
45121
45143
45150
45178
45209
45232
45239
45243
45254
45257
45296
45335
45343
45362
45383
45392
45403
45466
45472
45485
45493
45502
45521
45526
45536
45537
45565
45593
45607
45614
45635
45650
45652
45665
45670
45693
45700
45701
45719
45748
45770
45780
45811
45882
45929
45942
45943
45979
45994
46050
46067
46083
46096
46107
46163
46177
46180
46204
46216
46231
46258
46300
46361
46402
46480
46502
46520
46525
46553
46578
46607
46615
46651
46685
46746
46795
46820
46824
46839
46875
46888
46924
46928
47047
47066
47131
47142
47157
47162
47176
47177
47207
47229
47269
47270
47287
47297
47304
47395
47396
47398
47409
47415
47448
47458
47481
47502
47534
47632
47659
47685
47749
47754
47770
47810
47870
47880
47914
47933
47966
48025
48037
48044
48152
48182
48185
48239
48247
48311
48320
48335
48346
48349
48358
48394
48395
48438
48451
48463
48465
48515
48529
48532
48534
48535
48567
48597
48614
48649
48664
48686
48687
48690
48709
48733
48737
48738
48785
48788
48792
48803
48812
48824
48837
48864
48921
48924
48927
48962
48968
48995
49012
49040
49047
49087
49106
49130
49242
49252
49259
49307
49324
49326
49353
49398
49445
49516
49551
49615
49629
49635
49646
49689
49697
49703
49704
49714
49718
49725
49763
49770
49807
49810
49843
49976
50008
50041
50059
50070
50115
50119
50135
50140
50148
50198
50199
50221
50227
50231
50233
50243
50245
50246
50295
50345
50359
50368
50377
50423
50424
50435
50443
50452
50474
50484
50488
50490
50512
50552
50647
50676
50681
50683
50712
50724
50734
50759
50785
50787
50858
50878
50907
50934
51002
51033
51038
51096
51106
51170
51177
51207
51232
51243
51262
51263
51270
51306
51353
51383
51432
51437
51463
51543
51563
51595
51619
51653
51685
51735
51747
51780
51841
51843
51877
51893
51898
51939
51976
51984
52071
52098
52106
52127
52172
52219
52284
52286
52292
52329
52356
52426
52441
52449
52466
52469
52470
52526
52544
52566
52568
52578
52610
52613
52684
52734
52750
52809
52827
52830
52855
52859
52864
52898
52911
53019
53033
53037
53138
53181
53228
53235
53239
53269
53292
53331
53332
53408
53421
53443
53465
53565
53597
53600
53614
53677
53709
53764
53769
53806
53813
53877
53899
53901
53991
54012
54038
54061
54075
54094
54114
54194
54208
54226
54269
54376
54380
54403
54452
54506
54507
54511
54518
54521
54555
54567
54606
54615
54629
54639
54668
54675
54701
54794
54800
54806
54813
54853
54861
54893
54895
54902
54926
54933
54936
54944
54952
54964
54980
54992
54996
55104
55114
55129
55131
55208
55223
55238
55241
55270
55272
55340
55343
55362
55375
55430
55462
55484
55487
55578
55636
55694
55705
55708
55729
55743
55785
55806
55816
55822
55847
55919
55946
55994
56088
56091
56101
56128
56130
56158
56164
56168
56171
56176
56199
56253
56259
56267
56286
56314
56316
56327
56328
56335
56386
56434
56457
56470
56483
56573
56621
56640
56654
56675
56693
56813
56819
56842
56844
56845
56892
56909
56916
56930
56978
56995
57046
57047
57063
57212
57293
57338
57399
57405
57442
57460
57473
57483
57522
57693
57702
57720
57752
57767
57769
57779
57833
57908
57964
58000
58029
58031
58037
58061
58128
58132
58142
58199
58205
58241
58299
58309
58328
58411
58414
58447
58500
58582
58613
58651
58756
58829
58889
58893
58921
58956
58979
58980
58991
59028
59141
59166
59220
59239
59252
59254
59401
59485
59519
59537
59570
59580
59606
59613
59619
59625
59636
59689
59713
59957
59974
59986
