28
31
35
42
130
154
172
188
214
221
247
250
272
278
308
337
340
341
359
397
404
423
435
462
492
494
496
544
558
568
579
591
593
642
665
679
683
706
729
743
764
791
840
856
926
928
942
993
1017
1031
1063
1084
1098
1099
1150
1167
1179
1311
1334
1410
1444
1512
1556
1577
1580
1585
1624
1640
1641
1662
1698
1702
1718
1748
1754
1771
1787
1808
1833
1852
1898
1905
1917
1976
1985
2053
2091
2097
2115
2154
2157
2171
2181
2215
2230
2322
2380
2402
2421
2469
2508
2544
2560
2568
2587
2605
2648
2661
2688
2714
2717
2780
2789
2800
2805
2863
2864
2907
2955
2963
2973
3035
3048
3094
3113
3115
3126
3130
3132
3140
3169
3202
3214
3216
3233
3250
3264
3277
3281
3295
3342
3374
3380
3409
3437
3455
3457
3473
3508
3588
3599
3634
3675
3680
3719
3741
3759
3768
3787
3812
3881
3910
3923
3939
4012
4043
4044
4149
4159
4214
4231
4272
4276
4311
4327
4350
4505
4506
4561
4599
4617
4618
4627
4630
4646
4676
4702
4732
4755
4796
4798
4834
4864
4870
4878
4901
4975
5008
5042
5043
5063
5074
5133
5155
5177
5201
5237
5242
5245
5254
5258
5272
5279
5288
5289
5299
5323
5327
5347
5397
5425
5468
5485
5486
5545
5552
5602
5632
5635
5657
5750
5769
5801
5811
5855
5868
5917
5923
5936
5937
5990
6001
6036
6051
6068
6069
6070
6076
6176
6183
6205
6236
6268
6299
6327
6339
6373
6390
6411
6419
6465
6484
6493
6496
6544
6549
6561
6564
6571
6587
6593
6605
6613
6624
6679
6717
6760
6781
6800
6811
6843
6871
6910
6957
6970
6989
7019
7029
7036
7159
7165
7179
7187
7192
7204
7251
7266
7365
7385
7388
7403
7433
7448
7476
7521
7533
7546
7577
7633
7673
7682
7692
7698
7703
7736
7761
7824
7832
7919
7926
7930
7966
7971
7978
7999
8051
8194
8219
8234
8244
8269
8270
8280
8306
8329
8351
8364
8517
8568
8585
8599
8711
8749
8754
8765
8856
8857
8862
8883
8904
8910
8993
9023
9076
9090
9106
9127
9145
9216
9240
9293
9341
9360
9382
9422
9433
9436
9462
9493
9497
9519
9535
9560
9563
9569
9611
9662
9678
9695
9706
9827
9844
9889
9916
9937
9950
9979
10010
10074
10128
10133
10151
10156
10199
10207
10221
10234
10237
10239
10257
10276
10302
10320
10340
10347
10361
10378
10383
10406
10418
10461
10465
10494
10511
10530
10534
10535
10536
10581
10585
10612
10621
10634
10635
10689
10693
10720
10733
10764
10854
10876
10885
10906
10924
10931
10955
10974
10982
10993
10997
11087
11092
11139
11144
11212
11220
11243
11262
11268
11294
11357
11363
11370
11383
11392
11429
11448
11499
11530
11531
11537
11549
11556
11575
11695
11735
11769
11774
11842
11854
11858
11879
11881
11905
11933
12019
12031
12040
12047
12114
12121
12129
12137
12207
12272
12333
12362
12381
12386
12416
12497
12506
12543
12546
12582
12603
12701
12749
12849
12920
12926
12969
12984
13034
13058
13063
13109
13141
13148
13175
13188
13214
13261
13270
13298
13302
13317
13326
13338
13360
13373
13382
13387
13392
13412
13432
13497
13498
13504
13519
13534
13557
13576
13584
13620
13629
13666
13670
13767
13815
13856
13859
13861
13900
13914
13920
13923
13952
13955
14055
14063
14072
14080
14082
14100
14127
14150
14247
14278
14303
14305
14319
14339
14355
14356
14374
14395
14425
14503
14522
14568
14571
14608
14638
14660
14662
14711
14768
14773
14798
14815
14839
14847
14860
14879
14912
14976
15035
15043
15051
15057
15148
15159
15162
15164
15171
15191
15205
15226
15229
15239
15242
15250
15267
15287
15291
15312
15372
15381
15391
15400
15435
15475
15478
15481
15490
15494
15505
15506
15514
15517
15567
15598
15610
15643
15660
15674
15684
15690
15699
15703
15721
15728
15749
15794
15813
15853
15878
15889
15898
15970
16015
16066
16096
16127
16189
16323
16370
16380
16391
16393
16404
16409
16454
16469
16477
16486
16494
16518
16567
16572
16606
16613
16640
16645
16652
16710
16741
16754
16780
16847
16912
16929
16953
16980
16987
17002
17028
17034
17063
17070
17116
17204
17207
17232
17238
17253
17318
17324
17326
17345
17378
17391
17419
17449
17475
17530
17531
17560
17589
17594
17609
17618
17663
17666
17673
17704
17722
17732
17749
17753
17806
17815
17833
17836
17871
17889
17892
17947
17958
17967
17991
18018
18050
18069
18110
18192
18198
18215
18224
18226
18247
18274
18283
18301
18324
18389
18406
18425
18432
18439
18468
18492
18512
18551
18555
18562
18587
18594
18600
18642
18645
18701
18760
18773
18802
18812
18837
18852
18974
18976
19004
19009
19074
19086
19096
19099
19105
19146
19166
19177
19195
19287
19335
19357
19375
19465
19528
19532
19549
19556
19571
19609
19667
19681
19688
19695
19726
19741
19805
19817
19845
19898
19900
19902
19927
19938
19986
20003
20041
20064
20072
20124
20152
20171
20185
20190
20281
20287
20327
20345
20435
20443
20447
20456
20464
20469
20514
20575
20664
20685
20691
20712
20735
20774
20779
20784
20836
20837
20880
20924
21007
21023
21035
21073
21106
21110
21125
21129
21146
21154
21180
21191
21192
21210
21230
21250
21293
21335
21346
21358
21396
21456
21498
21505
21540
21544
21549
21557
21586
21606
21609
21622
21653
21670
21718
21731
21743
21758
21765
21781
21794
21820
21851
21861
21873
21903
21929
21977
21989
21997
22006
22076
22080
22107
22116
22119
22124
22166
22180
22184
22211
22220
22254
22271
22297
22343
22380
22430
22487
22506
22515
22523
22531
22566
22604
22621
22639
22687
22694
22705
22712
22720
22729
22761
22781
22794
22822
22836
22846
22909
22914
22934
22941
22986
22994
22995
23025
23057
23119
23128
23171
23199
23200
23205
23220
23229
23251
23276
23292
23363
23373
23392
23445
23449
23457
23492
23518
23549
23641
23653
23664
23680
23700
23730
23759
23771
23817
23826
23873
23967
23972
23988
23999
24003
24041
24088
24106
24119
24146
24148
24163
24182
24199
24244
24261
24307
24311
24312
24326
24329
24363
24369
24379
24389
24462
24495
24512
24543
24545
24576
24613
24616
24652
24717
24724
24740
24774
24778
24800
24805
24810
24838
24863
24963
24982
24984
24990
25026
25030
25076
25104
25154
25178
25202
25212
25261
25281
25285
25292
25312
25315
25332
25344
25354
25405
25445
25452
25475
25525
25571
25629
25642
25658
25659
25683
25706
25712
25736
25771
25782
25855
25875
25909
25913
25924
25954
25970
26118
26119
26145
26230
26245
26251
26254
26293
26301
26304
26321
26348
26362
26367
26388
26418
26425
26446
26504
26525
26560
26572
26612
26620
26661
26720
26808
26819
26880
26900
26945
26996
26999
27057
27065
27098
27102
27107
27116
27117
27164
27195
27199
27202
27340
27365
27367
27370
27382
27390
27402
27410
27464
27481
27483
27501
27502
27540
27545
27561
27578
27579
27588
27611
27614
27621
27624
27625
27628
27633
27653
27658
27663
27717
27729
27764
27809
27816
27825
27881
27912
28038
28064
28099
28106
28133
28154
28240
28245
28261
28264
28273
28304
28305
28332
28353
28355
28435
28436
28475
28497
28516
28571
28698
28715
28717
28733
28745
28769
28787
28797
28818
28823
28856
28906
28911
28919
28943
28946
28962
28982
28998
29013
29031
29035
29055
29058
29105
29140
29170
29174
29180
29222
29255
29289
29314
29336
29353
29370
29415
29446
29459
29472
29577
29590
29602
29609
29619
29641
29648
29701
29709
29742
29745
29781
29841
29885
29995
29996
30033
30134
30261
30268
30282
30305
30316
30317
30318
30323
30329
30391
30448
30450
30452
30493
30508
30509
30515
30519
30523
30543
30572
30584
30601
30628
30665
30694
30695
30712
30717
30797
30799
30809
30833
30869
30884
30887
30922
30923
30930
30938
30944
30979
31008
31029
31046
31050
31057
31132
31141
31182
31231
31258
31272
31294
31297
31300
31329
31333
31352
31367
31384
31437
31479
31507
31537
31545
31564
31583
31595
31613
31619
31650
31700
31723
31769
31778
31870
31895
31907
31914
31949
31954
31998
32005
32035
32045
32094
32152
32165
32166
32209
32238
32328
32374
32381
32422
32458
32478
32494
32511
32535
32563
32624
32628
32636
32637
32647
32671
32700
32749
32768
32769
32782
32787
32788
32865
32979
33007
33010
33039
33046
33060
33065
33086
33092
33095
33125
33132
33237
33256
33339
33370
33393
33410
33416
33418
33444
33462
33475
33488
33505
33509
33532
33597
33606
33610
33613
33616
33627
33643
33683
33721
33722
33734
33750
33751
33762
33781
33782
33799
33802
33824
33875
33952
33996
34039
34040
34056
34086
34131
34165
34230
34241
34249
34341
34355
34366
34382
34392
34398
34444
34493
34567
34625
34659
34735
34744
34796
34822
34911
34937
34938
34946
34960
34987
34995
35007
35009
35018
35062
35160
35191
35234
35239
35241
35266
35305
35308
35351
35394
35440
35453
35477
35511
35537
35561
35567
35598
35604
35671
35676
35695
35717
35720
35751
35798
35799
35804
35813
35830
35869
35941
35980
35996
36007
36011
36018
36049
36059
36066
36075
36144
36158
36202
36216
36223
36241
36283
36294
36302
36317
36320
36361
36365
36409
36430
36455
36457
36493
36508
36524
36556
36559
36568
36599
36603
36669
36706
36707
36750
36754
36760
36837
36867
36876
36914
36920
36940
36976
36989
36992
37008
37025
37092
37165
37168
37187
37211
37216
37262
37269
37272
37275
37368
37372
37374
37399
37426
37494
37518
37532
37537
37563
37595
37600
37602
37668
37704
37734
37785
37833
37848
37849
37898
37922
37939
37950
37953
37970
38002
38003
38065
38066
38072
38074
38092
38096
38111
38126
38160
38166
38168
38180
38193
38249
38252
38260
38264
38307
38351
38374
38408
38428
38439
38447
38473
38515
38523
38573
38591
38620
38635
38640
38646
38670
38706
38723
38807
38814
38817
38830
38840
38844
38846
38848
38912
38934
38972
38973
38989
39015
39045
39072
39095
39104
39111
39121
39142
39200
39256
39276
39289
39298
39324
39331
39337
39353
39372
39379
39384
39388
39402
39417
39424
39434
39451
39500
39527
39535
39567
39590
39594
39615
39631
39637
39678
39760
39767
39827
39882
39898
39900
39937
39958
39961
39978
40039
40176
40192
40197
40213
40227
40234
40260
40286
40348
40352
40366
40388
40442
40475
40570
40572
40599
40661
40674
40679
40791
40797
40812
40813
40837
40888
40896
40900
40933
40963
41028
41057
41064
41065
41100
41126
41130
41162
41285
41309
41373
41417
41538
41580
41581
41619
41634
41647
41652
41694
41759
41774
41802
41863
41878
41918
41923
41929
41942
41966
41970
41972
41973
41974
41995
42015
42045
42054
42069
42099
42117
42229
42272
42325
42360
42400
42418
42444
42506
42512
42530
42538
42569
42579
42588
42605
42622
42636
42656
42693
42701
42729
42787
42788
42799
42896
42898
42926
42933
42949
43019
43081
43094
43120
43127
43144
43198
43199
43221
43261
43284
43377
43403
43405
43411
43426
43434
43475
43503
43525
43529
43531
43581
43590
43593
43618
43645
43683
43709
43717
43768
43781
43801
43853
43862
43909
43924
43959
43983
43986
43997
44012
44015
44019
44042
44051
44056
44057
44071
44087
44096
44121
44160
44180
44206
44244
44319
44350
44358
44398
44401
44408
44416
44428
44452
44453
44459
44485
44525
44526
44548
44552
44564
44597
44599
44673
44678
44683
44714
44762
44779
44784
44815
44846
44863
44871
44930
44945
44950
44986
44988
45011
45016
45042
45049
45074
45079
45106
45137
45153
45161
45163
45204
45229
45236
45351
45358
45398
45410
45434
45435
45447
45456
45503
45549
45558
45563
45612
45628
45649
45662
45704
45764
45781
45801
45824
45879
45886
45923
45932
45954
45989
46002
46005
46014
46041
46102
46108
46157
46187
46229
46262
46296
46322
46326
46408
46416
46452
46454
46519
46522
46539
46543
46548
46550
46625
46734
46755
46757
46792
46799
46848
46863
46894
46933
46963
47021
47022
47029
47067
47136
47247
47251
47264
47290
47428
47487
47497
47529
47531
47545
47567
47574
47583
47619
47677
47700
47717
47736
47765
47767
47790
47850
47921
47952
47960
47977
47989
47994
48024
48049
48111
48191
48234
48271
48287
48291
48326
48338
48386
48391
48429
48443
48446
48490
48492
48495
48508
48512
48540
48576
48631
48639
48644
48679
48691
48704
48747
48752
48784
48799
48818
48851
48878
48881
48931
48934
49016
49049
49076
49126
49143
49149
49189
49207
49228
49309
49386
49391
49394
49449
49470
49475
49500
49536
49572
49586
49593
49623
49649
49695
49783
49835
49874
49884
49913
49926
49939
49957
49959
49966
50012
50032
50034
50045
50075
50087
50110
50111
50113
50114
50125
50131
50132
50160
50196
50217
50223
50224
50238
50251
50253
50263
50342
50343
50348
50363
50394
50398
50400
50472
50641
50710
50715
50725
50770
50771
50780
50793
50795
50810
50816
50824
50832
50844
50919
50929
50944
50946
51011
51025
51037
51056
51062
51110
51132
51145
51147
51152
51160
51183
51198
51222
51255
51266
51287
51289
51291
51295
51336
51374
51380
51411
51434
51521
51537
51570
51571
51623
51625
51645
51665
51696
51705
51719
51757
51814
51833
51851
51861
51880
51897
51926
51928
51946
51968
52032
52052
52056
52086
52093
52113
52146
52167
52201
52213
52238
52268
52274
52406
52501
52651
52677
52712
52765
52805
52817
52835
52868
52900
52909
52913
52940
52951
52953
52960
52973
53032
53042
53080
53091
53118
53182
53197
53205
53270
53291
53311
53358
53364
53381
53415
53429
53438
53439
53479
53517
53523
53527
53535
53550
53577
53603
53644
53664
53693
53721
53946
53958
54033
54079
54081
54155
54197
54200
54219
54237
54247
54265
54267
54273
54277
54278
54288
54289
54312
54324
54341
54381
54406
54411
54413
54434
54436
54471
54474
54479
54499
54514
54573
54577
54595
54609
54630
54648
54711
54716
54819
54842
54866
54884
54886
54892
54896
54899
54921
55019
55022
55023
55037
55088
55124
55146
55191
55204
55236
55267
55275
55300
55307
55325
55335
55361
55398
55400
55413
55434
55443
55495
55505
55534
55625
55633
55645
55673
55702
55703
55706
55722
55724
55733
55760
55772
55779
55812
55842
55906
55921
55937
55940
55945
55950
55959
56024
56032
56094
56103
56118
56170
56188
56250
56262
56282
56293
56338
56346
56369
56374
56376
56393
56408
56451
56478
56492
56493
56499
56526
56538
56546
56547
56569
56584
56591
56602
56626
56699
56725
56748
56764
56765
56783
56790
56815
56836
56880
56931
56945
56973
57000
57022
57054
57078
57088
57105
57120
57192
57213
57261
57262
57265
57275
57283
57296
57305
57309
57318
57364
57365
57430
57432
57448
57461
57463
57477
57489
57492
57514
57535
57626
57641
57642
57662
57671
57690
57707
57712
57719
57723
57733
57753
57778
57782
57798
57806
57839
57845
57847
57874
57895
57935
57949
57978
57981
57992
58016
58020
58077
58084
58091
58112
58130
58152
58157
58158
58203
58208
58209
58254
58258
58278
58321
58324
58327
58336
58361
58372
58406
58413
58442
58484
58502
58503
58532
58536
58542
58546
58551
58552
58558
58571
58586
58587
58598
58602
58606
58623
58639
58654
58657
58686
58716
58717
58730
58734
58739
58788
58828
58834
58867
58870
58874
58884
58904
58908
58914
58998
59000
59001
59020
59050
59051
59085
59087
59123
59128
59138
59145
59182
59204
59205
59217
59222
59232
59234
59241
59242
59243
59266
59270
59277
59291
59292
59294
59297
59298
59303
59305
59308
59310
59311
59320
59324
59331
59340
59365
59372
59388
59399
59410
59450
59456
59462
59500
59514
59516
59557
59561
59567
59572
59579
59591
59593
59595
59607
59629
59646
59651
59660
59665
59669
59687
59723
59735
59736
59739
59744
59752
59770
59790
59794
59800
59818
59823
59824
59827
59830
59847
59894
59898
59904
59911
59912
59921
59926
59945
59949
