3
17
70
99
118
121
134
140
176
239
246
292
313
357
376
472
529
581
635
652
663
687
705
719
726
766
776
782
785
786
804
825
836
878
885
890
892
899
911
994
1045
1103
1160
1215
1240
1328
1348
1422
1423
1428
1438
1466
1471
1477
1478
1521
1536
1573
1579
1600
1613
1660
1683
1694
1734
1837
1953
1956
1995
2022
2039
2057
2079
2089
2121
2125
2144
2155
2166
2167
2174
2178
2194
2208
2211
2219
2249
2252
2267
2279
2283
2287
2312
2323
2324
2328
2338
2360
2388
2444
2461
2473
2524
2530
2577
2644
2666
2672
2716
2735
2737
2779
2793
2889
2904
2928
2962
2964
2982
3007
3044
3089
3104
3155
3167
3232
3346
3350
3359
3399
3475
3493
3500
3514
3517
3525
3545
3580
3591
3592
3630
3633
3638
3677
3693
3729
3734
3754
3781
3864
3874
3891
3900
3903
3942
4023
4038
4075
4089
4112
4124
4133
4136
4141
4162
4178
4219
4299
4338
4347
4349
4353
4358
4392
4445
4489
4510
4600
4635
4651
4664
4673
4681
4687
4709
4720
4726
4744
4758
4760
4833
4898
4899
4960
5005
5038
5071
5086
5109
5170
5175
5180
5199
5238
5249
5265
5282
5312
5340
5356
5377
5391
5409
5429
5445
5455
5494
5529
5550
5580
5607
5614
5617
5620
5621
5669
5684
5692
5708
5771
5869
5899
5940
5964
5980
5984
5985
6002
6046
6092
6123
6142
6226
6233
6239
6253
6259
6278
6282
6295
6312
6318
6360
6371
6376
6389
6402
6408
6412
6416
6434
6457
6472
6482
6508
6528
6530
6557
6568
6570
6582
6600
6615
6651
6675
6680
6685
6728
6732
6751
6775
6791
6814
6825
6896
6939
6966
6973
6997
7059
7106
7135
7157
7202
7206
7213
7254
7285
7288
7313
7338
7344
7347
7351
7360
7451
7461
7465
7472
7473
7501
7512
7525
7528
7558
7683
7693
7701
7743
7758
7831
7836
7858
7886
7888
7923
7938
7976
7980
7983
8028
8034
8035
8127
8132
8134
8179
8187
8191
8203
8223
8229
8235
8250
8272
8281
8323
8338
8383
8391
8393
8404
8416
8448
8460
8465
8510
8513
8515
8548
8559
8565
8579
8589
8614
8638
8692
8701
8712
8758
8759
8770
8806
8808
8812
8830
8893
8900
8925
9014
9038
9109
9117
9143
9154
9160
9161
9167
9263
9318
9354
9375
9379
9399
9403
9459
9486
9503
9511
9526
9575
9584
9625
9631
9632
9684
9691
9697
9741
9757
9798
9832
9864
9891
9892
9939
10025
10070
10094
10148
10160
10189
10192
10250
10254
10263
10274
10293
10375
10427
10493
10515
10622
10625
10692
10818
10870
10968
10980
11003
11005
11021
11028
11040
11048
11052
11060
11090
11095
11111
11131
11163
11194
11209
11242
11326
11337
11353
11373
11375
11444
11480
11488
11505
11538
11541
11587
11603
11622
11663
11670
11726
11811
11817
11834
11852
11872
11903
11960
11978
11990
12007
12038
12049
12057
12089
12166
12217
12230
12324
12335
12340
12415
12427
12432
12485
12486
12516
12547
12553
12570
12584
12610
12625
12675
12790
12860
12890
12947
12965
12992
13025
13060
13068
13074
13086
13128
13136
13213
13230
13242
13249
13256
13259
13300
13307
13313
13319
13380
13400
13448
13453
13459
13465
13495
13522
13542
13585
13596
13597
13641
13655
13687
13694
13723
13759
13763
13823
13834
13852
13872
13883
13975
14054
14077
14156
14176
14200
14226
14265
14304
14323
14388
14399
14431
14462
14465
14478
14529
14589
14605
14653
14734
14753
14790
14808
14832
14922
14941
14944
14964
14965
14970
14974
14996
15030
15038
15046
15110
15113
15155
15185
15207
15240
15268
15308
15340
15353
15365
15434
15437
15446
15511
15520
15526
15534
15544
15554
15558
15602
15628
15650
15655
15656
15680
15692
15704
15717
15725
15731
15736
15796
15843
15849
15867
15894
15931
15932
15939
15942
15949
15974
16008
16019
16037
16042
16062
16071
16103
16142
16249
16299
16311
16321
16403
16420
16472
16495
16514
16540
16545
16550
16581
16600
16623
16625
16629
16676
16730
16737
16745
16755
16758
16818
16852
16875
16907
16948
17080
17102
17112
17121
17128
17130
17173
17174
17192
17205
17215
17218
17229
17234
17235
17241
17260
17276
17361
17363
17375
17380
17406
17422
17439
17451
17473
17495
17501
17512
17583
17636
17637
17660
17705
17707
17756
17817
17823
17864
17869
17874
17916
17957
17970
17971
17979
17987
18006
18058
18066
18096
18116
18141
18142
18152
18161
18162
18188
18201
18216
18230
18233
18234
18255
18278
18318
18347
18394
18485
18493
18538
18578
18579
18592
18625
18684
18689
18690
18713
18721
18738
18763
18787
18793
18811
18820
18857
18859
18862
18945
18970
19028
19051
19056
19064
19089
19101
19126
19149
19150
19156
19180
19183
19190
19292
19359
19398
19412
19434
19438
19450
19451
19459
19488
19493
19517
19524
19531
19536
19541
19542
19576
19580
19581
19590
19593
19622
19642
19643
19672
19758
19776
19795
19796
19842
19852
19861
19865
19917
19958
20007
20009
20026
20090
20114
20145
20174
20226
20271
20312
20317
20363
20378
20454
20478
20480
20499
20504
20509
20545
20597
20614
20620
20636
20641
20644
20662
20695
20707
20724
20795
20800
20805
20835
20879
20882
20932
20958
20984
21000
21003
21013
21041
21130
21143
21163
21185
21190
21252
21265
21271
21275
21333
21341
21511
21525
21545
21633
21644
21722
21725
21730
21764
21780
21783
21788
21807
21845
21882
21901
21902
21950
21969
21982
21992
22033
22051
22060
22064
22067
22122
22138
22176
22179
22207
22208
22255
22269
22285
22378
22385
22387
22406
22441
22462
22482
22512
22528
22554
22584
22610
22641
22644
22664
22701
22738
22741
22809
22812
22837
22853
22862
22878
23002
23012
23093
23094
23116
23136
23138
23144
23179
23197
23257
23299
23333
23360
23375
23407
23423
23427
23431
23434
23444
23460
23474
23505
23527
23583
23591
23631
23714
23715
23716
23743
23758
23819
23827
23859
23880
23881
23884
23940
23962
24002
24012
24120
24157
24190
24212
24233
24259
24264
24292
24304
24343
24371
24414
24430
24437
24446
24467
24472
24487
24521
24550
24562
24604
24620
24628
24646
24691
24702
24734
24803
24820
24874
24903
24909
24998
25080
25089
25094
25133
25146
25176
25192
25232
25238
25266
25271
25275
25310
25381
25402
25416
25419
25420
25499
25505
25543
25565
25614
25655
25691
25715
25738
25759
25773
25775
25828
25834
25852
25863
25865
25903
25905
26053
26055
26083
26094
26109
26116
26202
26204
26207
26211
26213
26306
26313
26329
26361
26373
26385
26413
26439
26473
26545
26546
26548
26563
26568
26594
26635
26643
26675
26682
26703
26723
26755
26800
26802
26834
26850
26896
26904
26947
26978
26981
27010
27021
27047
27070
27073
27077
27087
27100
27108
27120
27156
27161
27175
27187
27277
27285
27297
27338
27348
27354
27379
27384
27406
27414
27450
27581
27594
27629
27636
27684
27690
27692
27726
27737
27743
27785
27798
27819
27856
27865
27938
28061
28090
28115
28211
28221
28229
28244
28313
28327
28363
28367
28374
28376
28377
28378
28402
28437
28480
28496
28504
28565
28598
28602
28623
28632
28645
28646
28657
28663
28669
28721
28723
28725
28726
28732
28740
28783
28788
28831
28860
28867
28868
28873
28898
28944
28954
28955
28961
28964
28976
29051
29077
29155
29186
29205
29244
29258
29271
29286
29337
29352
29395
29425
29479
29510
29530
29536
29547
29572
29583
29645
29666
29692
29733
29736
29750
29770
29772
29797
29809
29814
29873
29888
29898
29920
29927
29937
29942
29944
29970
29973
29982
29994
30008
30019
30023
30026
30103
30140
30171
30235
30258
30266
30274
30292
30382
30390
30394
30415
30442
30537
30553
30588
30622
30699
30710
30730
30738
30742
30780
30811
30812
30820
30852
30882
30885
30892
30945
30948
30952
30959
30984
30998
31006
31040
31166
31184
31238
31239
31245
31253
31309
31394
31456
31493
31580
31635
31640
31660
31709
31766
31777
31859
31874
31892
31930
31983
32036
32075
32077
32131
32136
32147
32186
32211
32232
32246
32258
32273
32294
32389
32402
32451
32456
32479
32502
32505
32524
32537
32551
32629
32635
32639
32704
32757
32777
32806
32827
32883
32918
32921
32923
32935
32946
32975
32980
32992
33024
33025
33112
33115
33137
33144
33160
33163
33165
33177
33202
33234
33268
33300
33336
33343
33358
33381
33391
33468
33499
33501
33511
33561
33577
33585
33636
33648
33659
33667
33710
33741
33747
33778
33819
33825
33827
33860
33861
33874
33908
33913
33914
33976
33990
34013
34059
34064
34065
34077
34117
34145
34154
34155
34205
34231
34233
34254
34260
34265
34376
34383
34489
34545
34576
34577
34596
34601
34664
34682
34685
34698
34709
34717
34729
34741
34756
34773
34788
34816
34845
34866
34882
34901
34947
34961
35025
35064
35066
35080
35092
35107
35115
35127
35134
35168
35173
35178
35216
35238
35243
35280
35330
35342
35389
35445
35469
35485
35503
35528
35531
35592
35599
35635
35703
35704
35711
35732
35735
35740
35791
35800
35815
35821
35825
35857
35859
35885
35887
35906
35913
35942
35957
35972
35998
36000
36020
36050
36070
36093
36096
36100
36109
36110
36189
36260
36280
36290
36295
36305
36326
36340
36359
36372
36375
36385
36397
36444
36561
36582
36588
36606
36608
36648
36650
36663
36670
36673
36733
36755
36769
36811
36828
36829
36864
36913
36939
37012
37037
37075
37130
37131
37169
37300
37327
37417
37434
37442
37479
37483
37523
37544
37647
37651
37656
37676
37713
37739
37751
37797
37877
37931
37965
37980
37988
37993
37994
38013
38056
38105
38109
38114
38121
38122
38124
38144
38152
38163
38240
38255
38279
38306
38310
38313
38332
38335
38339
38372
38443
38450
38526
38634
38637
38655
38673
38745
38769
38776
38786
38796
38810
38858
38864
38867
38869
38887
38888
38893
38917
38930
38950
38960
38987
39046
39074
39080
39081
39087
39093
39113
39115
39135
39175
39177
39178
39184
39189
39213
39229
39244
39280
39320
39347
39352
39356
39399
39400
39407
39437
39460
39467
39524
39529
39544
39555
39557
39558
39583
39618
39669
39727
39730
39739
39752
39757
39774
39777
39808
39929
39969
39979
40008
40031
40044
40054
40078
40088
40094
40108
40137
40155
40175
40177
40190
40201
40238
40252
40257
40295
40298
40308
40318
40319
40325
40330
40332
40354
40364
40369
40376
40436
40451
40519
40601
40631
40686
40695
40701
40703
40770
40774
40807
40855
40859
40894
40940
40947
40991
41006
41008
41018
41025
41047
41069
41114
41123
41138
41159
41197
41206
41239
41245
41250
41252
41253
41275
41278
41283
41288
41304
41307
41317
41335
41370
41375
41389
41451
41480
41497
41513
41574
41585
41626
41653
41691
41707
41733
41828
41832
41836
41847
41848
41864
41875
42038
42058
42074
42088
42178
42223
42228
42243
42290
42320
42335
42354
42357
42392
42411
42433
42439
42448
42488
42540
42542
42567
42575
42589
42625
42640
42652
42700
42716
42734
42791
42859
42870
42923
42924
42929
42935
42970
42997
42998
43001
43037
43054
43064
43067
43086
43099
43152
43195
43200
43289
43316
43363
43382
43390
43421
43444
43457
43468
43479
43508
43534
43578
43599
43613
43629
43659
43766
43770
43777
43787
43795
43812
43868
43875
43894
43895
43932
43953
43984
43994
44007
44020
44077
44098
44116
44132
44199
44204
44207
44223
44250
44253
44291
44297
44315
44331
44348
44359
44362
44394
44399
44421
44446
44461
44466
44489
44519
44557
44570
44582
44589
44601
44613
44640
44653
44681
44692
44699
44711
44718
44745
44752
44763
44780
44788
44821
44847
44873
44916
44924
44976
44979
45089
45090
45093
45094
45249
45270
45287
45306
45313
45316
45321
45327
45337
45361
45378
45396
45420
45428
45432
45444
45513
45553
45560
45579
45580
45587
45594
45601
45608
45633
45653
45663
45679
45697
45717
45735
45737
45745
45754
45775
45857
45868
45869
45870
45872
45880
45889
45912
45922
45956
45992
46012
46020
46040
46053
46148
46153
46184
46243
46245
46247
46278
46281
46289
46313
46314
46315
46351
46354
46420
46423
46446
46504
46699
46700
46717
46741
46770
46776
46778
46809
46846
46853
46859
46877
46918
46947
46952
46973
46985
47011
47038
47039
47046
47051
47068
47092
47113
47193
47314
47316
47424
47431
47450
47451
47463
47478
47489
47494
47509
47510
47512
47514
47521
47548
47559
47576
47622
47645
47662
47701
47703
47812
47838
47913
47943
47963
47979
47985
48020
48033
48052
48090
48119
48204
48219
48238
48265
48266
48321
48366
48381
48402
48410
48427
48437
48453
48466
48493
48522
48542
48563
48619
48632
48637
48660
48662
48706
48711
48712
48743
48746
48772
48813
48844
48853
48893
48908
48922
48925
48929
48937
48964
48996
49000
49002
49024
49067
49077
49081
49082
49114
49125
49136
49223
49233
49254
49255
49261
49302
49308
49318
49320
49332
49355
49400
49406
49415
49426
49468
49483
49542
49598
49599
49642
49655
49694
49705
49711
49767
49780
49802
49872
49886
49895
49925
49933
50000
50030
50061
50064
50068
50091
50094
50103
50105
50108
50126
50209
50229
50248
50332
50349
50356
50409
50415
50420
50425
50461
50481
50518
50596
50623
50662
50687
50689
50694
50731
50738
50751
50753
50806
50859
50891
50903
50953
50960
51005
51050
51074
51119
51139
51180
51181
51194
51205
51237
51254
51269
51334
51342
51352
51357
51358
51359
51375
51397
51399
51430
51439
51442
51510
51564
51565
51572
51581
51624
51628
51661
51678
51679
51708
51710
51763
51783
51805
51829
51857
51902
51908
51932
51947
51982
51986
51995
51999
52013
52038
52040
52042
52066
52129
52130
52136
52155
52164
52177
52179
52196
52224
52362
52363
52370
52371
52401
52405
52450
52464
52476
52486
52489
52520
52599
52631
52635
52639
52646
52655
52681
52688
52713
52725
52783
52786
52842
52889
52896
52903
52908
52923
52946
52959
52999
53000
53009
53072
53087
53113
53126
53158
53161
53171
53183
53208
53211
53243
53262
53275
53281
53301
53330
53352
53357
53389
53399
53414
53428
53462
53490
53501
53556
53571
53606
53634
53636
53648
53675
53681
53745
53780
53790
53797
53807
53834
53843
53857
53871
53894
53906
53951
53953
53993
54076
54085
54106
54132
54133
54190
54191
54246
54315
54317
54332
54364
54374
54404
54409
54475
54494
54535
54541
54599
54670
54677
54679
54683
54686
54700
54704
54732
54733
54737
54754
54767
54775
54808
54817
54826
54865
54869
54912
54919
54937
54963
54974
54985
54988
54989
55057
55067
55083
55126
55132
55186
55253
55279
55284
55290
55293
55299
55303
55313
55318
55328
55364
55366
55433
55438
55445
55459
55473
55493
55502
55544
55610
55613
55616
55621
55639
55652
55679
55728
55796
55837
55893
55902
55912
55952
55964
55968
55993
56009
56015
56018
56054
56056
56099
56105
56110
56126
56155
56172
56197
56200
56227
56234
56237
56285
56292
56302
56326
56357
56364
56392
56415
56461
56522
56583
56610
56629
56722
56771
56797
56829
56846
56928
56932
56946
56947
56951
56958
56959
56968
56969
56990
57001
57002
57006
57044
57060
57076
57084
57098
57131
57133
57170
57189
57207
57259
57264
57282
57284
57344
57361
57383
57450
57462
57467
57471
57498
57511
57544
57560
57562
57566
57582
57629
57636
57661
57696
57721
57727
57736
57772
57774
57870
57893
57924
57931
57955
57974
58085
58105
58145
58173
58180
58183
58196
58228
58238
58298
58318
58342
58393
58426
58433
58467
58472
58499
58527
58540
58556
58563
58581
58644
58664
58672
58762
58772
58798
58835
58894
58909
58944
58954
58959
59014
59023
59044
59049
59075
59076
59107
59135
59144
59169
59233
59236
59279
59287
59307
59336
59359
59369
59377
59382
59395
59405
59406
59438
59442
59474
59507
59508
59531
59548
59549
59565
59568
59576
59650
59656
59661
59662
59675
59680
59692
59755
59771
59781
59791
59837
59840
59850
59871
59890
59903
59952
