40
110
113
146
255
354
355
360
395
408
409
451
459
506
556
590
596
605
644
708
716
734
813
923
997
1029
1059
1067
1094
1119
1131
1171
1176
1282
1288
1342
1371
1429
1519
1560
1567
1584
1591
1610
1623
1636
1663
1721
1798
1800
1855
1870
1874
1961
1967
1969
1999
2028
2036
2043
2070
2074
2143
2149
2170
2176
2207
2217
2233
2240
2292
2295
2297
2304
2321
2333
2365
2369
2379
2383
2387
2446
2450
2460
2584
2616
2694
2718
2719
2759
2760
2766
2767
2777
2781
2798
2804
2815
2830
2847
2857
2867
2892
3023
3076
3128
3143
3150
3163
3165
3198
3219
3255
3266
3280
3294
3298
3314
3363
3388
3396
3439
3443
3523
3597
3621
3632
3637
3640
3642
3647
3668
3679
3682
3694
3698
3722
3748
3757
3782
3800
3811
3851
3861
3929
3948
3979
3992
4010
4011
4049
4067
4078
4168
4173
4179
4198
4204
4208
4273
4284
4335
4403
4405
4429
4472
4482
4497
4537
4539
4544
4579
4594
4634
4662
4671
4672
4680
4711
4717
4721
4739
4783
4786
4816
4843
4876
4890
4953
4961
5003
5015
5036
5041
5048
5067
5089
5096
5113
5121
5161
5185
5229
5234
5251
5278
5351
5366
5392
5404
5434
5454
5459
5476
5491
5535
5577
5629
5631
5649
5670
5681
5786
5791
5795
5813
5828
5900
5906
5907
5908
5955
6047
6107
6113
6131
6163
6166
6169
6181
6196
6204
6213
6296
6309
6319
6357
6365
6397
6399
6420
6466
6483
6524
6572
6599
6627
6672
6696
6754
6798
6806
6808
6819
6847
6878
6892
6908
6929
6931
7008
7070
7139
7191
7203
7257
7318
7330
7367
7396
7412
7466
7484
7490
7491
7496
7574
7584
7611
7627
7639
7657
7696
7731
7786
7819
7825
7833
7864
7869
7889
7909
7910
7940
7951
8020
8030
8038
8043
8113
8190
8232
8259
8271
8310
8356
8371
8376
8392
8412
8444
8483
8534
8550
8602
8622
8658
8665
8691
8700
8702
8717
8756
8779
8781
8784
8789
8814
8850
8859
8870
8949
8967
8974
8978
8997
8998
9003
9024
9053
9072
9105
9148
9153
9162
9163
9179
9187
9223
9230
9238
9246
9265
9282
9284
9297
9309
9311
9366
9378
9404
9455
9468
9476
9479
9492
9494
9502
9517
9521
9557
9572
9580
9601
9617
9674
9716
9754
9781
9794
9797
9828
9872
9876
9880
9995
10007
10020
10022
10041
10054
10060
10090
10102
10144
10165
10216
10218
10231
10260
10281
10285
10327
10391
10435
10438
10453
10475
10479
10519
10533
10589
10599
10677
10770
10771
10813
10814
10842
10846
10863
10868
10914
10925
10933
11009
11034
11055
11091
11096
11119
11146
11151
11172
11185
11222
11226
11254
11282
11291
11317
11398
11403
11415
11443
11453
11468
11574
11589
11598
11632
11678
11684
11741
11767
11773
11776
11778
11781
11796
11838
11871
11895
11914
11936
11968
12065
12069
12092
12104
12120
12148
12150
12153
12162
12167
12195
12204
12212
12233
12280
12283
12342
12343
12376
12417
12422
12436
12443
12451
12490
12521
12537
12544
12578
12598
12627
12652
12673
12688
12704
12712
12723
12772
12870
12879
12902
12914
12955
12981
12995
13024
13072
13112
13113
13129
13134
13170
13306
13389
13399
13414
13415
13475
13493
13502
13525
13555
13662
13675
13710
13732
13739
13744
13748
13751
13773
13837
13865
13870
13903
13965
13970
14035
14040
14069
14091
14123
14139
14146
14201
14244
14255
14258
14267
14269
14291
14322
14329
14404
14449
14460
14492
14494
14501
14533
14542
14554
14557
14561
14577
14620
14688
14720
14736
14751
14895
14898
14923
14958
14961
14971
14987
14992
15013
15033
15059
15075
15120
15126
15135
15157
15197
15201
15220
15235
15243
15260
15303
15324
15359
15361
15370
15427
15430
15492
15493
15498
15524
15539
15577
15585
15597
15633
15635
15641
15677
15678
15682
15698
15718
15729
15739
15747
15755
15757
15783
15807
15824
15833
15837
15852
15856
15934
15950
15964
15965
16009
16030
16036
16055
16056
16130
16133
16172
16181
16203
16212
16235
16265
16284
16314
16356
16386
16407
16417
16440
16441
16460
16612
16618
16636
16647
16656
16661
16664
16711
16721
16733
16750
16765
16815
16824
16839
16846
16922
16932
16942
16961
16981
16989
17032
17140
17142
17164
17191
17195
17213
17266
17271
17279
17287
17306
17314
17336
17461
17490
17505
17557
17561
17619
17621
17623
17640
17644
17648
17675
17801
17804
17809
17827
17844
17893
17904
17974
18014
18074
18089
18111
18113
18119
18123
18128
18160
18170
18171
18207
18232
18277
18311
18316
18344
18451
18460
18467
18476
18477
18481
18487
18505
18523
18534
18547
18573
18608
18632
18661
18720
18733
18765
18798
18873
18952
18957
18990
18994
19021
19058
19107
19134
19135
19184
19208
19230
19305
19318
19346
19380
19433
19447
19448
19460
19510
19514
19548
19553
19555
19577
19588
19629
19630
19671
19676
19727
19731
19782
19783
19784
19788
19791
19793
19875
19882
19886
19903
19947
19974
19996
20019
20030
20036
20060
20078
20086
20092
20102
20104
20118
20127
20131
20165
20167
20176
20196
20206
20243
20251
20295
20355
20407
20452
20500
20512
20521
20528
20588
20665
20718
20722
20765
20768
20776
20799
20810
20811
20829
20844
20847
20862
20931
20935
20938
20965
20966
20990
21057
21142
21152
21162
21188
21206
21215
21234
21274
21281
21288
21347
21390
21395
21402
21419
21422
21424
21435
21449
21489
21495
21560
21571
21573
21580
21628
21656
21669
21673
21675
21681
21688
21716
21745
21775
21782
21789
21813
21832
21839
21905
21938
21939
21941
21948
21954
21966
22028
22043
22063
22066
22089
22100
22165
22171
22187
22249
22250
22290
22321
22326
22352
22353
22370
22411
22414
22420
22440
22464
22544
22586
22710
22763
22764
22766
22817
22840
22890
22903
22938
22962
22998
23008
23035
23045
23049
23065
23076
23142
23157
23161
23188
23206
23227
23254
23268
23272
23437
23489
23494
23544
23577
23610
23612
23654
23681
23690
23767
23795
23800
23808
23858
23878
23896
23960
23963
23977
24014
24023
24063
24104
24109
24113
24177
24192
24203
24210
24227
24238
24247
24268
24305
24337
24352
24382
24395
24402
24403
24416
24444
24471
24479
24581
24586
24601
24679
24681
24697
24718
24727
24735
24754
24836
24880
24886
24920
24958
24960
24979
25062
25113
25120
25157
25166
25170
25174
25217
25254
25317
25382
25407
25408
25470
25485
25527
25530
25536
25547
25549
25551
25579
25588
25607
25610
25615
25641
25646
25703
25788
25790
25798
25806
25836
25857
25870
25899
25955
25962
26022
26026
26159
26190
26237
26239
26266
26270
26282
26311
26317
26319
26337
26378
26390
26391
26392
26396
26401
26408
26459
26519
26524
26569
26588
26589
26628
26662
26667
26670
26686
26718
26725
26740
26767
26776
26794
26843
26852
26893
26937
26951
26967
27020
27034
27058
27063
27151
27166
27168
27236
27250
27255
27259
27303
27318
27347
27353
27359
27389
27397
27435
27437
27472
27489
27559
27575
27613
27616
27627
27700
27714
27739
27758
27766
27806
27814
27832
27834
27887
27905
27906
27933
27952
27974
27975
28041
28047
28082
28102
28118
28172
28175
28184
28193
28218
28220
28247
28250
28257
28275
28288
28294
28357
28366
28384
28385
28399
28413
28417
28425
28481
28518
28527
28559
28581
28603
28604
28608
28633
28653
28681
28694
28727
28744
28766
28819
28838
28876
28887
28927
28941
28984
29028
29030
29054
29079
29086
29118
29134
29141
29148
29153
29158
29241
29249
29260
29264
29267
29294
29310
29349
29363
29374
29411
29444
29464
29474
29562
29633
29653
29669
29690
29699
29716
29720
29725
29729
29816
29823
29847
29868
29872
29910
29915
29930
29938
29967
29977
29980
29987
29989
30005
30017
30031
30107
30126
30159
30165
30190
30237
30256
30331
30389
30405
30466
30512
30526
30574
30604
30627
30630
30652
30658
30660
30677
30682
30684
30846
30901
30929
30983
31018
31043
31063
31088
31098
31111
31115
31164
31165
31168
31234
31252
31328
31382
31403
31409
31425
31501
31519
31521
31522
31569
31596
31607
31632
31669
31671
31681
31691
31698
31745
31775
31782
31788
31790
31815
31945
31979
32010
32076
32102
32110
32119
32128
32216
32217
32222
32226
32285
32310
32329
32331
32332
32343
32392
32412
32416
32434
32448
32534
32579
32584
32603
32613
32667
32703
32744
32783
32819
32846
32869
32871
32901
32905
32949
32960
33028
33072
33113
33117
33118
33119
33150
33170
33180
33193
33207
33245
33248
33276
33282
33294
33298
33345
33353
33389
33394
33399
33420
33424
33442
33467
33496
33498
33524
33544
33576
33657
33658
33699
33704
33719
33720
33814
33836
33837
33844
33852
33872
33899
33900
33915
33921
33975
33999
34020
34036
34053
34080
34089
34095
34098
34102
34142
34152
34180
34215
34225
34236
34255
34259
34264
34272
34295
34304
34371
34380
34391
34408
34428
34500
34528
34554
34557
34569
34575
34623
34629
34658
34704
34710
34716
34877
34899
34902
34903
34964
34977
35022
35065
35078
35082
35095
35117
35187
35222
35228
35259
35278
35298
35324
35344
35372
35382
35392
35400
35416
35444
35536
35540
35569
35581
35600
35610
35649
35669
35683
35687
35718
35726
35729
35750
35784
35810
35811
35816
35866
35867
35881
35932
35948
35968
36016
36035
36047
36051
36052
36068
36085
36126
36138
36145
36149
36155
36161
36185
36193
36199
36201
36214
36275
36315
36366
36383
36438
36441
36492
36495
36538
36540
36584
36596
36632
36645
36654
36657
36685
36696
36712
36744
36784
36800
36803
36815
36838
36839
36853
36874
36875
36881
36955
36956
36977
36987
37009
37035
37041
37057
37060
37069
37098
37114
37115
37122
37149
37153
37163
37189
37290
37305
37322
37381
37386
37416
37435
37509
37514
37520
37534
37559
37571
37573
37625
37661
37688
37689
37720
37729
37765
37771
37809
37825
37885
37903
37966
38021
38046
38055
38069
38089
38094
38106
38117
38154
38181
38200
38268
38299
38304
38331
38343
38360
38363
38389
38413
38489
38512
38518
38557
38558
38579
38596
38632
38633
38675
38679
38701
38779
38787
38802
38839
38863
38873
38883
38901
38937
38943
38982
39008
39021
39027
39061
39106
39108
39147
39195
39210
39220
39231
39342
39348
39378
39390
39415
39429
39446
39479
39497
39533
39550
39553
39585
39598
39621
39645
39655
39658
39753
39758
39788
39796
39801
39821
39824
39830
39836
39864
39871
39891
39916
39944
39951
39964
39984
40032
40112
40118
40129
40154
40169
40178
40282
40391
40401
40437
40484
40485
40490
40538
40552
40580
40588
40595
40615
40616
40648
40665
40689
40702
40728
40737
40742
40787
40795
40840
40850
40893
40901
40981
41001
41074
41080
41091
41102
41215
41218
41223
41224
41299
41318
41325
41327
41329
41350
41374
41381
41387
41410
41448
41457
41485
41486
41516
41549
41555
41623
41624
41643
41750
41772
41780
41818
41826
41846
41876
41882
41894
41914
41949
41979
41997
42060
42127
42128
42131
42141
42163
42199
42205
42214
42231
42233
42253
42266
42270
42288
42306
42367
42373
42389
42398
42404
42432
42486
42497
42515
42516
42534
42536
42557
42559
42580
42610
42626
42663
42674
42685
42691
42704
42717
42776
42782
42797
42850
42880
42882
42892
42904
42905
42909
42925
42965
43009
43012
43016
43069
43073
43082
43129
43146
43167
43178
43212
43270
43282
43311
43336
43343
43374
43385
43407
43422
43459
43476
43480
43510
43559
43596
43639
43652
43653
43654
43660
43664
43679
43689
43734
43751
43803
43822
43838
43842
43874
43912
43918
43929
43945
43977
43985
43988
43989
44005
44016
44017
44018
44041
44046
44078
44079
44081
44085
44089
44108
44109
44127
44235
44267
44289
44349
44377
44380
44396
44403
44433
44447
44448
44464
44493
44502
44506
44565
44581
44586
44591
44622
44644
44647
44713
44719
44786
44810
44918
44956
44961
44982
45019
45057
45069
45080
45081
45096
45130
45135
45152
45181
45183
45184
45246
45269
45289
45301
45371
45381
45384
45424
45441
45453
45480
45490
45510
45541
45545
45555
45616
45620
45630
45646
45676
45755
45758
45760
45789
45843
45884
45906
45927
45971
46024
46046
46090
46122
46135
46171
46196
46201
46213
46233
46256
46324
46342
46369
46388
46390
46406
46433
46492
46533
46537
46542
46567
46571
46610
46637
46642
46690
46718
46726
46747
46826
46866
46904
46938
46941
46954
46969
47002
47042
47071
47079
47102
47119
47149
47171
47173
47187
47223
47257
47267
47300
47310
47320
47342
47394
47438
47461
47476
47482
47533
47538
47578
47646
47651
47657
47783
47813
47845
47852
47899
47908
47918
47932
47957
47965
47968
47991
47996
48012
48064
48086
48118
48186
48196
48230
48236
48260
48261
48272
48289
48305
48331
48365
48379
48388
48400
48425
48447
48513
48521
48526
48551
48554
48559
48561
48573
48579
48606
48630
48647
48676
48693
48696
48701
48703
48707
48713
48725
48730
48732
48755
48767
48769
48808
48855
48857
48876
48913
48949
48954
48959
48963
49035
49061
49083
49167
49170
49204
49209
49235
49239
49256
49287
49296
49316
49352
49367
49387
49418
49478
49488
49533
49544
49558
49590
49594
49676
49690
49699
49715
49761
49822
49828
49941
49946
49950
49990
50020
50023
50043
50067
50078
50180
50181
50226
50228
50241
50249
50297
50306
50307
50335
50364
50369
50371
50386
50387
50390
50430
50441
50501
50506
50515
50569
50574
50591
50598
50622
50657
50668
50697
50707
50723
50748
50819
50924
50962
50970
51026
51045
51058
51082
51088
51093
51109
51117
51174
51191
51230
51238
51294
51309
51311
51319
51341
51448
51456
51480
51483
51485
51489
51517
51600
51643
51672
51676
51688
51706
51738
51781
51794
51800
51838
51848
51852
51862
51874
51896
51911
51915
51920
51925
51935
51941
51948
51972
52025
52068
52072
52075
52101
52117
52120
52124
52165
52168
52221
52267
52294
52299
52301
52311
52328
52342
52352
52403
52414
52438
52440
52465
52506
52538
52598
52602
52648
52653
52659
52666
52680
52703
52733
52752
52775
52821
52871
52950
52962
52965
52985
53004
53030
53038
53044
53051
53059
53062
53076
53093
53115
53139
53147
53155
53222
53354
53373
53404
53409
53437
53442
53464
53470
53485
53555
53558
53589
53598
53610
53626
53632
53647
53686
53688
53699
53702
53717
53736
53744
53782
53809
53819
53841
53847
53860
53862
53927
53955
53970
54001
54020
54044
54078
54092
54096
54112
54124
54177
54185
54255
54266
54268
54286
54308
54309
54310
54368
54438
54440
54461
54480
54487
54488
54491
54551
54625
54658
54662
54665
54682
54693
54694
54696
54706
54769
54786
54880
54889
54923
54958
54981
54997
55006
55029
55046
55120
55123
55162
55168
55172
55182
55201
55215
55255
55350
55381
55394
55404
55471
55478
55500
55592
55617
55627
55629
55653
55675
55690
55707
55725
55742
55755
55778
55804
55846
55848
55869
55908
55915
55987
56013
56033
56040
56060
56084
56111
56114
56215
56243
56247
56252
56258
56271
56303
56313
56354
56395
56398
56419
56428
56435
56440
56458
56468
56471
56520
56553
56590
56609
56678
56706
56709
56724
56767
56874
56904
56929
57004
57082
57101
57109
57115
57132
57143
57151
57195
57201
57209
57211
57217
57256
57258
57286
57289
57294
57341
57369
57375
57406
57420
57441
57472
57482
57504
57523
57557
57570
57585
57691
57704
57717
57748
57760
57775
57810
57831
57858
57886
57899
57927
57929
57966
58002
58045
58052
58075
58082
58104
58113
58127
58160
58167
58179
58214
58237
58249
58267
58302
58311
58319
58329
58355
58363
58398
58410
58436
58441
58459
58560
58561
58562
58576
58583
58592
58608
58629
58634
58670
58685
58689
58732
58751
58760
58770
58833
58850
58882
58906
58907
58939
58952
58968
59033
59057
59063
59081
59193
59194
59202
59208
59247
59272
59345
59379
59404
59494
59888
