5
15
36
66
105
170
209
234
244
274
311
336
387
388
465
484
486
536
573
653
655
669
725
735
738
745
788
830
831
861
908
932
952
987
990
1005
1022
1025
1034
1035
1076
1081
1088
1149
1154
1162
1177
1184
1189
1210
1220
1224
1228
1231
1232
1250
1280
1287
1293
1301
1303
1323
1427
1439
1483
1491
1571
1620
1627
1669
1688
1741
1809
1829
1895
1897
1944
1977
1998
2000
2034
2068
2072
2084
2139
2182
2191
2193
2268
2277
2291
2294
2318
2349
2356
2398
2422
2425
2435
2463
2472
2483
2491
2512
2517
2532
2580
2581
2586
2601
2607
2613
2642
2695
2698
2794
2822
2881
2882
2916
2937
2941
2945
2983
2991
2996
3078
3079
3119
3129
3147
3186
3193
3222
3236
3269
3270
3284
3285
3319
3341
3375
3406
3426
3446
3456
3497
3522
3528
3544
3564
3569
3653
3670
3704
3727
3739
3749
3762
3765
3837
3894
3895
3896
3906
3918
3952
3971
3980
3985
3997
4065
4095
4122
4145
4165
4170
4186
4200
4207
4255
4266
4268
4305
4362
4378
4381
4389
4390
4411
4425
4436
4447
4456
4474
4481
4488
4542
4551
4624
4625
4655
4715
4737
4793
4811
4855
4879
4897
4909
4964
4983
5025
5032
5061
5124
5129
5165
5167
5178
5220
5260
5263
5285
5325
5329
5358
5416
5479
5500
5510
5542
5549
5597
5601
5656
5688
5714
5725
5738
5746
5754
5755
5824
5848
5851
5881
5885
5898
5999
6006
6009
6016
6020
6048
6049
6079
6098
6103
6106
6162
6184
6194
6246
6266
6297
6348
6405
6433
6436
6490
6491
6494
6504
6511
6523
6553
6560
6573
6626
6650
6656
6669
6695
6715
6720
6737
6785
6789
6799
6849
6886
6942
6950
6977
6981
7057
7060
7061
7073
7122
7128
7137
7147
7174
7186
7199
7201
7279
7319
7350
7389
7401
7441
7458
7514
7516
7563
7568
7597
7598
7607
7624
7628
7666
7707
7750
7764
7817
7921
7974
7982
7985
7990
8036
8054
8058
8060
8067
8111
8124
8131
8162
8174
8184
8195
8211
8215
8218
8225
8257
8278
8327
8332
8335
8350
8420
8436
8447
8507
8518
8524
8543
8601
8609
8610
8621
8649
8690
8713
8720
8732
8776
8782
8802
8811
8813
8829
8864
8879
8929
8957
8972
8996
9055
9077
9099
9116
9146
9258
9260
9275
9285
9303
9306
9313
9323
9325
9328
9365
9373
9435
9448
9464
9483
9487
9501
9518
9528
9537
9551
9567
9593
9628
9645
9708
9723
9731
9763
9779
9799
9806
9845
9849
9861
9871
9879
9923
9930
9955
9973
9987
9996
10008
10034
10050
10086
10088
10091
10177
10193
10277
10326
10328
10353
10367
10377
10397
10410
10421
10433
10437
10439
10457
10483
10531
10611
10690
10724
10735
10743
10747
10754
10765
10787
10790
10802
10835
10867
10869
10912
10917
10922
10950
10952
11006
11007
11029
11051
11236
11255
11270
11286
11290
11304
11358
11368
11406
11408
11422
11466
11504
11553
11563
11568
11593
11604
11617
11649
11653
11677
11685
11692
11734
11736
11788
11798
11826
11859
11880
11923
11927
11976
11981
12026
12076
12086
12115
12125
12139
12142
12180
12239
12245
12258
12288
12292
12318
12360
12380
12428
12440
12449
12468
12472
12473
12474
12491
12527
12534
12552
12605
12645
12657
12678
12683
12814
12827
12852
12857
12874
12964
12967
13016
13031
13035
13064
13095
13099
13108
13116
13117
13190
13210
13224
13234
13239
13250
13252
13264
13335
13340
13343
13349
13350
13351
13410
13458
13462
13466
13512
13537
13538
13545
13661
13663
13673
13681
13699
13721
13740
13758
13769
13794
13804
13836
13845
13876
13878
13888
13889
13893
13894
13915
13958
14015
14053
14094
14107
14121
14136
14144
14188
14189
14199
14259
14264
14271
14320
14331
14357
14360
14377
14386
14427
14444
14487
14490
14527
14576
14618
14691
14701
14714
14715
14744
14769
14774
14795
14800
14833
14880
14891
14897
14905
14995
14998
15010
15052
15064
15065
15079
15081
15085
15089
15107
15123
15169
15198
15223
15234
15293
15307
15374
15424
15455
15463
15537
15547
15548
15584
15591
15624
15707
15737
15752
15788
15804
15810
15822
15841
15911
15913
15917
15945
15953
15959
15984
15989
15990
16043
16081
16116
16128
16160
16174
16190
16194
16196
16229
16245
16246
16255
16282
16289
16291
16355
16384
16389
16418
16464
16470
16556
16584
16595
16609
16682
16777
16817
16883
16986
17064
17135
17155
17182
17186
17193
17211
17265
17312
17322
17327
17344
17356
17390
17426
17459
17460
17481
17497
17538
17647
17658
17669
17680
17712
17750
17762
17790
17798
17799
17813
17841
17881
17923
17976
18017
18036
18056
18104
18114
18135
18229
18280
18298
18329
18333
18379
18381
18398
18417
18443
18445
18466
18502
18504
18539
18548
18586
18611
18635
18656
18747
18791
18842
18854
18866
18871
18875
18879
18918
18924
18971
18982
19014
19060
19080
19085
19092
19098
19117
19118
19159
19160
19162
19167
19193
19218
19226
19239
19240
19242
19265
19284
19289
19295
19344
19350
19405
19424
19427
19437
19441
19444
19452
19516
19539
19572
19650
19675
19687
19733
19735
19759
19781
19854
19856
19870
19913
19923
19944
19965
19984
20050
20080
20083
20162
20210
20230
20244
20246
20270
20293
20304
20305
20374
20428
20458
20461
20494
20495
20501
20507
20515
20538
20543
20551
20557
20573
20574
20587
20645
20678
20698
20702
20728
20741
20753
20843
20859
20869
20933
20976
20986
21011
21016
21045
21059
21075
21109
21153
21167
21200
21212
21217
21267
21295
21304
21325
21354
21363
21372
21393
21421
21470
21476
21500
21527
21542
21564
21566
21592
21593
21595
21597
21659
21772
21799
21828
21841
21865
21892
21909
21942
21958
21975
22032
22039
22053
22083
22175
22178
22191
22223
22241
22256
22258
22304
22346
22361
22399
22407
22476
22503
22521
22525
22557
22559
22577
22627
22634
22647
22648
22721
22744
22754
22769
22816
22848
22911
22955
22973
22981
22997
23054
23060
23075
23090
23127
23129
23132
23147
23153
23169
23208
23228
23238
23250
23277
23291
23302
23306
23337
23351
23390
23451
23454
23504
23507
23523
23561
23568
23609
23628
23649
23656
23662
23692
23725
23735
23796
23810
23831
23838
23861
23863
23877
23890
23902
23916
23921
23945
23948
23965
23978
23991
23995
24032
24061
24064
24099
24101
24112
24224
24225
24252
24321
24325
24327
24347
24385
24386
24392
24400
24425
24442
24484
24503
24667
24680
24700
24714
24763
24790
24793
24807
24808
24835
24853
24915
24927
24931
24949
24965
24968
24974
25060
25084
25150
25182
25184
25251
25307
25334
25355
25426
25431
25446
25448
25449
25455
25466
25491
25498
25511
25516
25519
25544
25622
25672
25705
25707
25745
25802
25854
25856
25879
25881
25928
25931
25967
26003
26021
26028
26044
26047
26049
26110
26136
26250
26284
26307
26315
26316
26320
26322
26379
26389
26402
26410
26417
26437
26454
26469
26483
26491
26503
26582
26595
26611
26622
26657
26674
26707
26770
26775
26777
26797
26827
26942
26944
26990
27001
27031
27045
27061
27123
27135
27155
27173
27208
27220
27225
27279
27342
27350
27358
27371
27391
27408
27424
27430
27497
27511
27532
27565
27595
27631
27643
27662
27693
27705
27720
27765
27775
27791
27840
27855
27861
27866
27890
27957
27964
27966
27980
27987
28000
28001
28024
28035
28138
28149
28226
28253
28262
28267
28271
28292
28314
28350
28412
28457
28458
28503
28511
28579
28588
28601
28648
28665
28684
28782
28785
28795
28830
28843
28846
28848
28861
28909
28918
28966
28977
28979
28988
29011
29066
29087
29123
29160
29190
29207
29215
29252
29293
29361
29392
29397
29400
29435
29450
29595
29643
29671
29681
29697
29702
29739
29786
29791
29862
29866
29939
29946
30022
30046
30068
30073
30115
30144
30153
30158
30173
30193
30220
30228
30247
30252
30269
30302
30340
30342
30349
30384
30403
30481
30489
30545
30554
30559
30589
30624
30638
30673
30688
30697
30708
30773
30777
30787
30808
30826
30827
30840
30870
30873
30878
30880
30915
30927
30934
30958
30973
30982
31003
31011
31052
31072
31093
31120
31147
31154
31157
31206
31207
31208
31226
31242
31271
31279
31288
31290
31292
31334
31353
31385
31387
31476
31487
31492
31568
31570
31604
31624
31633
31644
31663
31668
31689
31692
31751
31759
31768
31792
31794
31802
31818
31842
31846
31850
31854
31875
31894
31903
31904
31912
31922
31947
31969
31997
32079
32103
32142
32143
32175
32233
32250
32291
32308
32309
32320
32321
32327
32351
32364
32373
32404
32467
32469
32516
32559
32567
32574
32576
32605
32608
32612
32620
32626
32665
32702
32730
32741
32770
32894
32930
32971
33017
33055
33111
33188
33225
33251
33275
33290
33295
33296
33309
33324
33330
33373
33387
33423
33426
33436
33461
33473
33512
33534
33582
33583
33602
33619
33672
33676
33703
33724
33726
33728
33738
33749
33770
33784
33796
33811
33813
33815
33826
33828
33832
33878
33884
33903
33930
33950
33966
33967
33992
34005
34078
34110
34139
34147
34197
34198
34203
34210
34211
34246
34247
34266
34287
34312
34313
34332
34346
34348
34365
34414
34417
34431
34464
34479
34516
34594
34610
34617
34666
34680
34697
34700
34711
34743
34803
34811
34821
34848
34881
34906
34910
34912
34921
34928
34998
35001
35010
35039
35044
35047
35053
35091
35116
35131
35196
35226
35260
35282
35306
35370
35371
35403
35421
35443
35451
35513
35555
35605
35609
35616
35631
35640
35661
35699
35715
35725
35742
35747
35782
35795
35806
35844
35853
35864
35874
35895
35947
35958
35992
36071
36076
36086
36091
36106
36130
36132
36191
36222
36285
36402
36404
36421
36425
36443
36449
36491
36500
36515
36518
36519
36577
36613
36635
36636
36647
36653
36659
36699
36711
36728
36772
36825
36860
36863
36877
36902
36986
37001
37015
37026
37032
37038
37048
37055
37077
37088
37141
37146
37180
37185
37190
37201
37225
37230
37239
37317
37342
37370
37384
37392
37397
37460
37467
37481
37488
37496
37504
37508
37513
37525
37558
37568
37574
37622
37623
37639
37640
37667
37682
37752
37754
37757
37778
37817
37838
37840
37936
37990
38007
38045
38070
38132
38137
38145
38147
38157
38182
38230
38247
38254
38312
38316
38320
38347
38357
38366
38383
38482
38503
38520
38528
38540
38544
38545
38568
38609
38654
38674
38697
38719
38741
38764
38852
38859
38886
38911
38929
38935
38944
38951
38955
39012
39025
39036
39058
39067
39153
39156
39170
39180
39181
39193
39240
39257
39317
39334
39421
39509
39532
39537
39540
39580
39596
39603
39693
39716
39800
39812
39816
39853
39870
39893
39947
39999
40010
40016
40019
40041
40049
40096
40105
40107
40117
40160
40167
40193
40207
40215
40217
40233
40248
40305
40311
40346
40365
40378
40379
40460
40487
40522
40547
40550
40562
40566
40568
40575
40579
40593
40607
40641
40643
40685
40739
40758
40776
40824
40830
40832
40874
40916
40927
40938
40939
40954
40960
40969
41071
41151
41154
41165
41237
41281
41287
41291
41305
41432
41467
41484
41592
41593
41605
41641
41650
41656
41668
41711
41732
41741
41766
41778
41786
41794
41862
41874
41889
41943
41960
41977
42016
42017
42020
42032
42123
42172
42181
42183
42217
42240
42242
42255
42269
42274
42281
42305
42344
42345
42356
42370
42375
42377
42406
42426
42428
42443
42445
42449
42453
42470
42473
42549
42583
42586
42615
42624
42670
42710
42741
42745
42749
42767
42769
42774
42781
42804
42807
42813
42814
42815
42852
42853
42872
42878
42887
42900
42915
42928
42984
43046
43051
43055
43108
43122
43159
43189
43226
43228
43234
43238
43303
43351
43389
43423
43437
43512
43536
43550
43576
43622
43637
43648
43690
43692
43724
43772
43776
43810
43824
43829
43830
43847
43867
43872
43877
43881
43896
43897
43901
43964
43981
43982
43995
44004
44035
44044
44072
44094
44107
44131
44140
44141
44173
44203
44211
44248
44255
44311
44325
44338
44369
44381
44443
44450
44463
44536
44558
44584
44593
44617
44716
44725
44732
44734
44749
44790
44835
44840
44851
44859
44870
44882
44885
44903
44958
44972
44995
45009
45015
45056
45095
45105
45108
45111
45159
45267
45304
45425
45448
45460
45481
45486
45495
45507
45523
45557
45570
45571
45576
45609
45615
45637
45639
45698
45699
45714
45744
45774
45823
45864
45888
45921
45981
45997
45999
46010
46054
46062
46098
46112
46146
46189
46205
46218
46225
46257
46269
46274
46282
46294
46308
46323
46378
46399
46404
46418
46451
46465
46500
46541
46564
46584
46585
46605
46611
46620
46638
46644
46650
46658
46680
46682
46687
46688
46693
46723
46774
46777
46781
46807
46836
46845
46847
46885
46939
46980
46983
47062
47075
47179
47231
47234
47248
47261
47262
47280
47284
47305
47324
47330
47362
47365
47366
47382
47417
47433
47459
47504
47516
47540
47554
47575
47585
47608
47629
47652
47660
47673
47683
47705
47737
47747
47775
47806
47808
47815
47858
47865
47868
47967
48014
48028
48051
48056
48059
48062
48097
48112
48113
48161
48198
48223
48249
48270
48277
48347
48374
48387
48393
48436
48478
48488
48538
48575
48583
48585
48601
48618
48648
48650
48681
48708
48716
48748
48762
48765
48805
48811
48833
48854
48866
48900
48944
49018
49039
49057
49089
49094
49122
49153
49154
49177
49178
49322
49323
49364
49383
49434
49440
49450
49463
49473
49495
49532
49538
49565
49638
49656
49716
49751
49864
49887
49927
49934
49964
49978
50001
50031
50038
50057
50100
50117
50124
50136
50145
50159
50194
50250
50256
50294
50300
50355
50375
50378
50388
50426
50442
50462
50465
50478
50514
50531
50562
50593
50597
50610
50632
50652
50660
50674
50675
50684
50714
50745
50779
50828
50837
50855
50860
50882
50898
50932
50938
50942
50965
50992
51018
51021
51028
51030
51059
51094
51108
51155
51246
51252
51280
51284
51292
51314
51333
51337
51363
51385
51394
51405
51514
51558
51599
51644
51669
51681
51689
51699
51741
51777
51790
51799
51801
51815
51818
51840
51854
51865
51922
51931
51970
52003
52007
52017
52019
52027
52084
52175
52189
52200
52212
52228
52265
52291
52298
52304
52334
52336
52347
52376
52404
52439
52453
52496
52509
52513
52564
52579
52605
52612
52657
52661
52664
52678
52687
52760
52778
52781
52845
52851
52866
52907
52927
52987
53047
53109
53128
53134
53142
53193
53202
53210
53300
53307
53329
53361
53379
53436
53467
53475
53487
53511
53537
53543
53546
53562
53595
53617
53624
53663
53670
53683
53684
53696
53725
53727
53752
53765
53787
53793
53799
53810
53945
53952
53984
54026
54029
54039
54041
54064
54066
54087
54126
54152
54154
54164
54290
54353
54387
54391
54437
54470
54478
54481
54492
54500
54524
54546
54548
54559
54579
54604
54618
54647
54673
54690
54714
54747
54814
54823
54832
54847
54864
54870
54871
54914
54927
54934
54994
55018
55024
55034
55039
55066
55074
55090
55107
55113
55119
55125
55127
55150
55170
55248
55262
55276
55285
55294
55312
55379
55414
55429
55456
55474
55475
55511
55531
55536
55538
55540
55542
55546
55554
55567
55569
55572
55591
55601
55677
55721
55808
55819
55840
55881
55883
55899
55929
55953
55984
55991
55995
56004
56048
56064
56108
56129
56153
56156
56173
56175
56189
56191
56195
56198
56205
56272
56276
56301
56306
56322
56330
56366
56373
56391
56421
56432
56497
56503
56517
56519
56549
56551
56559
56562
56648
56669
56752
56753
56787
56791
56804
56856
56864
56885
56905
56918
56922
56975
56985
57020
57045
57048
57051
57059
57066
57079
57089
57110
57113
57139
57153
57221
57263
57287
57310
57379
57476
57480
57481
57491
57526
57549
57606
57637
57677
57705
57715
57718
57745
57863
57896
57904
57905
57909
57921
57996
58030
58059
58066
58088
58098
58100
58202
58226
58250
59623
59731
59784
59897
59930
