1
11
12
14
24
33
67
72
85
86
97
116
122
126
157
169
201
261
262
269
320
390
436
444
483
517
519
534
559
561
597
614
627
670
671
677
695
732
763
934
965
998
1000
1013
1068
1093
1101
1106
1126
1127
1165
1219
1251
1291
1325
1339
1370
1394
1451
1533
1553
1561
1562
1564
1647
1666
1682
1708
1737
1797
1886
1889
1912
1918
1949
1960
1972
2015
2054
2071
2078
2080
2099
2116
2146
2180
2195
2202
2234
2235
2239
2272
2286
2316
2357
2396
2405
2419
2447
2452
2455
2465
2485
2562
2573
2579
2596
2612
2622
2623
2631
2637
2640
2740
2764
2851
2929
2980
3005
3021
3026
3057
3073
3090
3108
3176
3203
3225
3226
3251
3308
3329
3339
3356
3362
3387
3407
3424
3427
3431
3434
3436
3538
3553
3595
3615
3651
3710
3735
3760
3764
3779
3839
3844
3862
3865
3885
3887
3937
3944
3964
4003
4100
4102
4192
4264
4281
4288
4302
4356
4365
4368
4370
4402
4422
4438
4446
4450
4458
4470
4494
4522
4523
4546
4566
4572
4597
4631
4794
4806
4808
4828
4882
4895
4915
4919
4944
4947
4952
4956
4966
4977
4980
5004
5010
5031
5037
5039
5081
5082
5087
5088
5107
5114
5119
5131
5146
5153
5158
5181
5184
5191
5196
5205
5221
5273
5349
5363
5376
5379
5385
5390
5410
5457
5464
5561
5564
5573
5581
5587
5598
5619
5642
5646
5652
5671
5703
5709
5711
5716
5728
5749
5773
5815
5843
5879
5927
5954
6013
6042
6064
6071
6089
6108
6119
6129
6141
6150
6212
6238
6244
6303
6323
6344
6398
6400
6401
6404
6426
6435
6442
6481
6501
6515
6543
6548
6569
6576
6614
6643
6690
6699
6793
6810
6826
6828
6830
6834
6858
6862
6882
6891
6903
6930
6935
6986
6999
7003
7006
7052
7056
7063
7072
7085
7100
7109
7117
7134
7146
7153
7173
7182
7194
7215
7238
7245
7250
7297
7325
7373
7381
7437
7471
7483
7524
7553
7564
7636
7695
7710
7768
7838
7873
7877
7954
7955
7960
7967
7969
7979
7987
8002
8042
8052
8123
8148
8188
8198
8224
8228
8243
8256
8283
8290
8311
8366
8373
8374
8386
8406
8445
8446
8499
8525
8533
8539
8545
8600
8617
8674
8709
8750
8768
8788
8807
8827
8836
8855
8875
8905
8907
8955
8975
8981
9052
9056
9097
9119
9133
9149
9183
9208
9227
9274
9356
9381
9400
9409
9414
9442
9451
9457
9480
9482
9489
9498
9520
9525
9542
9552
9554
9556
9566
9622
9634
9637
9643
9655
9700
9718
9748
9751
9756
9785
9793
9803
9818
9839
9893
9927
9944
9961
9964
9978
9985
9991
9998
10016
10019
10043
10052
10067
10087
10125
10179
10195
10203
10220
10246
10273
10317
10342
10352
10360
10362
10396
10414
10476
10477
10495
10496
10506
10514
10529
10539
10549
10628
10647
10648
10663
10666
10707
10723
10726
10760
10762
10786
10803
10858
10889
10901
10908
10916
10923
10957
10994
11017
11033
11038
11066
11085
11127
11132
11183
11261
11319
11322
11325
11330
11378
11391
11404
11456
11457
11464
11490
11492
11496
11520
11562
11570
11576
11607
11609
11618
11626
11628
11645
11662
11694
11699
11723
11742
11758
11759
11766
11783
11815
11822
11853
11889
11896
11920
11962
12004
12017
12034
12059
12082
12126
12144
12170
12186
12190
12261
12278
12332
12337
12353
12377
12387
12400
12403
12466
12469
12517
12563
12564
12566
12583
12591
12617
12681
12717
12719
12722
12737
12740
12765
12786
12815
12819
12823
12868
12887
12924
12951
12959
12994
13003
13005
13018
13078
13080
13100
13125
13184
13191
13197
13262
13278
13294
13301
13341
13356
13367
13384
13390
13403
13426
13445
13461
13490
13528
13561
13603
13622
13639
13654
13706
13707
13713
13717
13725
13765
13768
13779
13799
13829
13863
13882
13936
13951
13980
14022
14048
14060
14070
14093
14102
14117
14132
14140
14155
14205
14228
14243
14295
14316
14439
14454
14455
14456
14552
14565
14572
14614
14639
14650
14686
14704
14705
14784
14805
14813
14816
14838
14861
14925
14939
14979
14982
15000
15009
15066
15088
15090
15094
15100
15177
15228
15253
15286
15311
15327
15333
15354
15393
15405
15458
15469
15470
15477
15503
15583
15608
15627
15667
15681
15689
15753
15762
15823
15829
15836
15844
15860
15868
15869
15870
15886
15897
15910
15943
15987
15992
16022
16029
16040
16051
16089
16117
16141
16147
16154
16177
16191
16199
16240
16303
16331
16395
16400
16408
16422
16438
16443
16461
16500
16542
16583
16589
16651
16657
16793
16902
16925
16928
16965
16966
16975
17026
17053
17073
17081
17087
17154
17231
17246
17255
17259
17281
17302
17343
17347
17351
17355
17384
17407
17445
17463
17467
17480
17506
17519
17540
17542
17572
17601
17677
17689
17752
17920
18023
18046
18059
18067
18100
18136
18140
18143
18167
18199
18202
18210
18220
18264
18308
18310
18357
18367
18402
18404
18433
18490
18521
18530
18596
18676
18691
18724
18729
18746
18751
18757
18772
18814
18914
18916
18920
18935
19005
19012
19019
19062
19081
19102
19113
19122
19179
19223
19224
19225
19232
19251
19256
19262
19277
19296
19325
19366
19390
19413
19414
19423
19430
19446
19464
19468
19511
19520
19568
19601
19721
19722
19748
19754
19756
19789
19804
19839
19874
19895
19950
19951
20002
20042
20141
20192
20212
20242
20248
20255
20278
20282
20308
20323
20380
20468
20506
20516
20523
20564
20593
20649
20651
20719
20721
20730
20756
20758
20792
20802
20826
20854
20867
20897
20922
20949
20970
21012
21022
21046
21066
21078
21084
21108
21118
21131
21148
21177
21182
21223
21227
21228
21245
21285
21374
21452
21531
21553
21581
21582
21614
21624
21625
21651
21654
21666
21679
21724
21754
21774
21793
21797
21809
21829
21885
21916
21956
21995
22003
22047
22056
22102
22118
22127
22128
22148
22205
22225
22233
22235
22238
22340
22377
22382
22384
22405
22413
22428
22436
22439
22460
22465
22486
22496
22505
22524
22589
22591
22600
22615
22670
22707
22711
22716
22745
22749
22807
22823
22870
22917
22932
22963
22965
23001
23003
23047
23100
23133
23135
23180
23198
23216
23232
23307
23310
23315
23323
23327
23329
23331
23348
23385
23387
23405
23465
23470
23511
23521
23522
23525
23567
23620
23621
23626
23629
23651
23675
23708
23712
23728
23736
23738
23744
23765
23815
23868
23870
23923
23938
23993
24049
24092
24114
24194
24274
24315
24362
24365
24399
24424
24438
24482
24502
24528
24541
24617
24650
24662
24695
24732
24758
24819
24864
24888
24900
24901
24914
24918
24986
24987
25008
25035
25058
25077
25153
25168
25189
25257
25267
25282
25298
25314
25320
25346
25378
25410
25438
25440
25442
25458
25502
25569
25573
25595
25602
25620
25664
25714
25716
25758
25784
25791
25794
25801
25827
25848
25868
25872
25888
25892
25908
25914
25930
25937
25979
26001
26004
26041
26050
26052
26075
26079
26141
26162
26206
26299
26312
26346
26393
26419
26429
26443
26472
26507
26512
26528
26529
26533
26542
26557
26561
26669
26687
26705
26715
26716
26757
26803
26849
26868
26874
26917
26927
26935
26936
27000
27015
27019
27046
27048
27064
27074
27094
27153
27224
27240
27242
27265
27275
27294
27323
27415
27429
27436
27454
27456
27500
27517
27520
27522
27544
27552
27574
27586
27587
27593
27598
27665
27751
27754
27776
27787
27820
27836
27841
27850
27889
27903
27909
27916
27923
27934
27936
28100
28187
28190
28241
28248
28282
28289
28306
28320
28389
28405
28407
28408
28448
28493
28499
28501
28502
28510
28582
28595
28605
28626
28664
28691
28714
28750
28805
28826
28842
28859
28901
28916
28957
28985
28986
28996
29002
29037
29052
29061
29104
29135
29145
29185
29194
29227
29232
29238
29274
29278
29297
29303
29315
29321
29332
29345
29360
29364
29377
29380
29382
29427
29473
29489
29508
29529
29628
29640
29661
29679
29698
29734
29762
29792
29805
29835
29861
29880
29881
29892
29949
29971
29998
30003
30015
30025
30067
30108
30117
30132
30145
30259
30288
30357
30408
30411
30434
30468
30492
30506
30510
30511
30552
30555
30592
30648
30661
30701
30741
30747
30766
30825
30863
30865
30866
30871
30891
30902
30905
30939
30942
30947
30985
30994
30995
31028
31064
31065
31068
31078
31080
31091
31104
31131
31144
31199
31204
31237
31315
31357
31360
31366
31400
31413
31429
31431
31460
31477
31526
31544
31558
31572
31573
31582
31589
31621
31622
31659
31704
31712
31713
31718
31731
31733
31783
31787
31812
31884
31935
31952
31972
32000
32013
32041
32059
32064
32078
32154
32168
32182
32203
32220
32239
32244
32271
32281
32290
32298
32302
32319
32334
32337
32355
32411
32430
32455
32464
32485
32514
32550
32578
32582
32615
32718
32721
32735
32740
32822
32853
32882
32911
32947
32986
33019
33021
33081
33084
33104
33110
33123
33151
33184
33218
33319
33352
33360
33397
33432
33445
33452
33454
33469
33479
33494
33500
33515
33528
33539
33543
33607
33669
33678
33694
33695
33705
33780
33791
33845
33862
33880
33887
33902
33919
33936
33938
33958
33959
34021
34026
34109
34122
34178
34188
34202
34207
34242
34282
34315
34321
34342
34381
34401
34405
34480
34524
34546
34563
34580
34597
34633
34653
34720
34747
34779
34794
34913
34930
34945
35012
35070
35106
35163
35185
35198
35199
35204
35232
35248
35274
35279
35281
35337
35346
35349
35353
35354
35398
35407
35433
35455
35456
35491
35508
35516
35552
35588
35591
35603
35608
35618
35644
35675
35745
35768
35772
35803
35823
35840
35861
35889
35891
35915
35916
35962
35984
36031
36058
36082
36084
36092
36156
36196
36232
36237
36278
36304
36313
36348
36405
36447
36451
36452
36490
36512
36548
36549
36563
36578
36610
36666
36681
36691
36730
36758
36809
36856
36857
36892
36933
36938
36947
36963
36970
36983
36995
37028
37051
37090
37116
37120
37150
37179
37186
37197
37223
37263
37293
37295
37316
37321
37357
37405
37414
37433
37445
37447
37492
37521
37522
37526
37576
37580
37586
37589
37615
37679
37693
37695
37696
37759
37767
37775
37776
37794
37804
37808
37816
37826
37834
37873
37882
37919
37961
37991
38005
38019
38026
38061
38103
38130
38146
38148
38178
38194
38223
38267
38276
38285
38314
38322
38324
38409
38422
38437
38453
38463
38478
38479
38493
38506
38525
38561
38578
38584
38610
38627
38710
38718
38733
38752
38755
38798
38805
38811
38812
38833
38866
38875
38923
38928
39009
39032
39071
39151
39166
39192
39197
39234
39248
39268
39273
39306
39330
39398
39403
39422
39431
39445
39465
39507
39551
39556
39572
39578
39705
39706
39737
39740
39751
39775
39798
39846
39873
39883
39892
39899
39902
39911
39976
40011
40045
40047
40062
40070
40072
40087
40120
40150
40157
40168
40186
40194
40226
40230
40244
40294
40320
40333
40351
40389
40394
40403
40447
40470
40506
40529
40569
40626
40659
40717
40732
40768
40775
40805
40808
40818
40827
40833
40857
40860
40866
40886
40907
40932
40935
40975
41020
41087
41104
41116
41121
41132
41140
41195
41231
41242
41286
41330
41339
41345
41366
41400
41411
41434
41463
41622
41627
41632
41636
41648
41672
41716
41717
41757
41795
41798
41799
41803
41853
41871
41892
41912
41916
41985
42000
42013
42024
42062
42154
42161
42175
42176
42191
42219
42241
42249
42254
42318
42321
42371
42382
42437
42451
42471
42475
42476
42491
42546
42673
42681
42730
42743
42744
42764
42786
42798
42830
42832
42876
42903
42953
42954
42978
42980
42982
43006
43010
43089
43092
43111
43134
43150
43201
43225
43240
43247
43262
43264
43272
43298
43338
43354
43404
43469
43491
43495
43497
43555
43580
43617
43630
43681
43685
43740
43839
43844
43884
43889
43940
44021
44049
44122
44218
44245
44286
44293
44300
44303
44312
44337
44344
44402
44423
44467
44479
44500
44567
44615
44625
44641
44642
44655
44657
44687
44688
44750
44761
44766
44803
44831
44904
44967
44985
44994
44997
45010
45022
45025
45051
45098
45131
45139
45173
45177
45185
45196
45283
45333
45342
45389
45391
45394
45433
45473
45484
45520
45554
45572
45586
45602
45647
45664
45690
45696
45718
45742
45783
45812
45849
45878
45928
45952
45977
46027
46035
46073
46095
46115
46144
46155
46161
46178
46211
46226
46237
46271
46318
46334
46364
46394
46397
46400
46403
46443
46461
46474
46501
46544
46545
46566
46574
46589
46599
46603
46617
46634
46656
46661
46664
46708
46738
46749
46768
46779
46782
46783
46787
46794
46797
46798
46803
46818
46840
46878
46896
46913
46953
46976
46978
47014
47018
47045
47083
47156
47169
47184
47212
47228
47288
47321
47344
47356
47373
47375
47427
47452
47453
47501
47520
47543
47565
47568
47588
47620
47639
47656
47665
47668
47715
47779
47826
47839
47871
47875
47893
47898
47901
47912
47925
47945
47951
47959
47970
47972
47978
48032
48060
48083
48144
48148
48168
48169
48241
48251
48288
48297
48314
48339
48343
48361
48406
48444
48479
48500
48520
48553
48592
48617
48695
48776
48798
48822
48832
48841
48858
48863
48906
48942
48952
48986
48987
48999
49008
49023
49030
49064
49103
49131
49202
49230
49246
49292
49293
49305
49407
49428
49433
49438
49451
49508
49535
49548
49564
49568
49588
49636
49685
49766
49769
49792
49808
49836
49848
49856
49866
49867
49871
49879
49885
49902
49907
49961
49968
49986
49989
50106
50158
50187
50190
50197
50200
50202
50212
50239
50285
50315
50326
50344
50351
50360
50379
50381
50410
50428
50446
50473
50493
50511
50561
50586
50589
50637
50650
50653
50655
50678
50685
50702
50706
50766
50772
50835
50838
50861
50886
50889
50940
50945
50948
50967
50988
50999
51000
51001
51012
51131
51134
51158
51167
51171
51226
51240
51313
51328
51329
51370
51388
51396
51431
51440
51441
51450
51460
51524
51527
51538
51541
51591
51603
51604
51622
51671
51675
51695
51702
51717
51722
51750
51752
51798
51825
51850
51858
51899
51927
51929
51936
51956
51969
51989
52034
52046
52074
52080
52112
52149
52154
52166
52193
52229
52240
52297
52335
52337
52346
52358
52373
52381
52400
52429
52480
52491
52528
52569
52584
52607
52615
52618
52654
52682
52694
52695
52705
52717
52807
52812
52834
52847
52875
52910
52928
52955
52961
53026
53065
53086
53095
53102
53114
53129
53133
53168
53175
53206
53223
53313
53369
53405
53466
53476
53493
53500
53538
53547
53586
53628
53640
53692
53694
53706
53716
53758
53771
53779
53788
53794
53829
53832
53864
53930
53935
53975
54018
54051
54055
54113
54157
54160
54166
54169
54180
54186
54201
54210
54211
54218
54239
54244
54249
54251
54264
54276
54292
54303
54334
54371
54382
54386
54398
54516
54552
54553
54702
54703
54705
54725
54750
54757
54772
54787
54815
54830
54904
54928
54941
54967
54971
54995
55048
55056
55078
55082
55087
55121
55145
55157
55179
55207
55213
55239
55316
55336
55347
55360
55377
55419
55424
55494
55506
55516
55552
55570
55574
55612
55663
55683
55720
55735
55739
55753
55763
55817
55878
55891
55909
55916
55934
55947
56008
56012
56046
56092
56161
56174
56185
56209
56216
56230
56295
56297
56359
56377
56384
56412
56414
56425
56426
56437
56509
56521
56536
56545
56566
56582
56597
56613
56620
56625
56653
56661
56683
56689
56695
56726
56731
56801
56878
56882
56897
56915
56955
56965
56979
57007
57011
57041
57042
57058
57067
57072
57160
57162
57167
57200
57240
57331
57374
57397
57410
57445
57451
57485
57509
57580
57592
57623
57624
57633
57649
57676
57683
57697
57737
57758
57759
57910
57911
57918
57920
57956
57958
57965
58021
58058
58063
58093
58109
58169
58178
58191
58193
58200
58201
58220
58252
58266
58334
58425
58465
58519
58538
58601
58794
58947
58964
58971
58982
59029
59146
59185
59227
59284
59389
59392
59828
59933
59989
