18
19
29
79
106
136
141
151
153
160
184
187
208
225
230
299
319
326
358
362
380
385
399
405
456
481
502
569
578
603
611
625
638
639
701
737
783
794
845
877
941
955
976
992
1011
1020
1033
1049
1060
1073
1111
1118
1130
1142
1156
1200
1208
1223
1264
1286
1361
1362
1380
1420
1437
1458
1465
1582
1617
1625
1650
1674
1681
1706
1739
1745
1792
1810
1811
1825
1846
1867
1876
1883
1902
1913
1934
1950
1978
1997
2016
2073
2096
2110
2117
2186
2225
2229
2231
2258
2347
2566
2609
2633
2650
2671
2693
2700
2723
2762
2795
2799
2812
2818
2869
2876
2908
2909
2915
2917
2944
2978
2987
2994
3015
3038
3091
3136
3151
3166
3177
3187
3218
3235
3239
3328
3344
3349
3352
3354
3370
3432
3460
3494
3496
3547
3548
3559
3573
3575
3590
3602
3605
3641
3664
3688
3691
3700
3707
3789
3822
3828
3833
3866
3904
3933
3951
3955
4004
4040
4083
4158
4164
4167
4169
4177
4209
4247
4251
4257
4267
4269
4271
4277
4313
4336
4344
4372
4404
4410
4428
4540
4565
4598
4607
4615
4638
4645
4670
4707
4712
4763
4765
4777
4789
4840
4844
4900
4903
4939
4941
4948
4963
4979
4996
5000
5006
5078
5103
5105
5110
5157
5160
5179
5198
5216
5219
5236
5262
5266
5311
5322
5362
5381
5428
5433
5444
5488
5609
5623
5627
5662
5665
5693
5696
5698
5719
5735
5762
5785
5800
5823
5893
5902
5929
5931
5950
5962
5970
6018
6050
6078
6100
6111
6145
6160
6188
6202
6252
6256
6290
6321
6337
6347
6350
6384
6460
6498
6585
6598
6602
6604
6609
6637
6644
6658
6673
6748
6776
6790
6804
6860
6873
6899
6901
6915
6923
6941
6948
6982
7010
7035
7058
7071
7098
7111
7119
7140
7151
7172
7176
7183
7214
7218
7282
7316
7361
7422
7482
7485
7522
7544
7557
7559
7581
7637
7658
7665
7668
7679
7709
7721
7793
7798
7855
7859
7867
7871
7918
7932
7935
7963
7989
8010
8023
8039
8050
8053
8093
8100
8155
8159
8177
8182
8200
8208
8233
8249
8253
8319
8344
8353
8408
8443
8461
8475
8484
8546
8549
8580
8591
8635
8682
8687
8688
8694
8716
8721
8739
8742
8751
8790
8815
8820
8821
8849
8899
8903
8926
8939
9002
9058
9088
9188
9198
9218
9225
9229
9256
9270
9291
9331
9421
9425
9426
9439
9456
9465
9466
9505
9529
9533
9541
9548
9559
9570
9583
9612
9627
9670
9685
9689
9710
9717
9761
9768
9780
9823
9835
9847
9851
9921
9948
9952
9983
9986
10024
10135
10145
10175
10191
10251
10265
10267
10299
10319
10354
10413
10485
10508
10513
10522
10528
10572
10637
10731
10758
10794
10797
10830
10834
10837
10844
10848
10942
10945
10947
10948
11000
11070
11086
11120
11130
11150
11166
11217
11245
11259
11289
11296
11312
11334
11342
11350
11369
11380
11388
11450
11484
11534
11552
11616
11621
11642
11650
11709
11715
11720
11731
11761
11782
11801
11835
11850
11860
11873
11888
11935
11945
11948
11963
11970
11982
12014
12085
12091
12105
12107
12136
12165
12176
12178
12248
12253
12275
12320
12352
12388
12419
12430
12467
12494
12495
12508
12512
12548
12647
12655
12667
12706
12733
12775
12776
12792
12795
12816
12817
12843
12846
12848
12875
12882
12928
12948
12958
13009
13049
13091
13120
13138
13201
13226
13243
13287
13321
13376
13416
13422
13440
13447
13480
13505
13558
13573
13579
13600
13650
13665
13702
13782
13793
13803
13811
13971
13984
13993
14044
14081
14115
14134
14159
14169
14213
14215
14216
14222
14225
14237
14241
14286
14394
14418
14421
14423
14463
14472
14506
14508
14541
14567
14580
14613
14628
14655
14659
14677
14678
14699
14706
14716
14733
14797
14809
14811
14857
14862
14876
14906
14918
15025
15108
15129
15134
15146
15189
15195
15230
15255
15256
15259
15279
15349
15364
15420
15428
15431
15441
15453
15465
15574
15590
15606
15645
15657
15697
15700
15702
15723
15724
15726
15735
15789
15790
15846
15935
15947
15951
15960
15981
15996
16034
16035
16064
16078
16086
16098
16102
16112
16115
16157
16164
16219
16232
16234
16268
16272
16278
16324
16327
16351
16359
16387
16423
16435
16446
16462
16463
16529
16547
16565
16588
16591
16631
16655
16666
16720
16736
16738
16771
16799
16809
16843
16860
16873
16887
16908
16911
16924
16969
16985
17040
17066
17092
17100
17226
17264
17269
17280
17284
17290
17316
17350
17376
17387
17433
17472
17493
17516
17559
17577
17582
17590
17631
17661
17720
17721
17731
17737
17816
17820
17858
17863
17877
17884
17917
17934
17948
17953
18033
18060
18062
18082
18090
18154
18174
18218
18227
18246
18250
18272
18296
18304
18317
18343
18368
18376
18397
18399
18510
18516
18522
18557
18576
18580
18613
18621
18683
18780
18792
18804
18828
18850
18851
18892
18894
18923
18996
19055
19114
19136
19172
19204
19213
19249
19276
19311
19334
19402
19416
19498
19540
19543
19685
19692
19715
19723
19769
19773
19774
19822
19832
19894
19940
19945
19972
19983
19989
20027
20056
20108
20110
20120
20168
20173
20205
20213
20252
20300
20393
20444
20451
20486
20492
20503
20530
20570
20576
20601
20610
20635
20650
20660
20666
20683
20703
20720
20729
20748
20777
20803
20839
20894
20953
20961
20972
20995
21001
21014
21019
21047
21064
21083
21147
21194
21214
21235
21282
21298
21318
21349
21357
21394
21412
21426
21454
21464
21473
21492
21496
21499
21507
21523
21526
21532
21534
21547
21574
21584
21631
21655
21658
21721
21728
21787
21842
21862
21876
21899
21913
21986
21998
22035
22041
22094
22113
22125
22156
22185
22213
22263
22288
22289
22306
22329
22358
22359
22383
22395
22400
22417
22438
22454
22493
22499
22537
22540
22545
22561
22609
22638
22640
22653
22665
22680
22777
22877
22918
22958
22968
22989
23023
23055
23063
23081
23088
23189
23201
23317
23374
23453
23469
23513
23514
23590
23632
23637
23696
23698
23703
23709
23740
23751
23787
23875
23905
23908
23911
23918
23925
23926
23951
23975
23980
24007
24018
24022
24043
24055
24058
24105
24158
24176
24229
24278
24281
24293
24348
24373
24435
24514
24526
24571
24585
24595
24610
24624
24633
24674
24678
24713
24770
24779
24811
24815
24843
24847
24856
24882
24932
24941
24964
24981
24994
25007
25010
25040
25051
25107
25123
25126
25140
25171
25226
25256
25269
25299
25303
25313
25370
25430
25437
25454
25465
25479
25482
25486
25501
25513
25515
25560
25570
25576
25681
25687
25752
25792
25964
25977
26071
26098
26114
26131
26137
26163
26167
26228
26272
26279
26287
26290
26309
26314
26323
26324
26341
26349
26366
26374
26376
26386
26438
26442
26484
26494
26495
26497
26520
26541
26551
26571
26573
26591
26618
26626
26634
26681
26760
26795
26804
26806
26817
26856
26858
26948
27054
27075
27076
27086
27092
27109
27167
27176
27283
27290
27305
27317
27374
27377
27476
27576
27617
27664
27682
27725
27731
27774
27786
27804
27818
27824
27830
27885
27893
27910
27915
27925
27926
27929
27949
27954
27962
27979
27997
28015
28023
28052
28072
28087
28094
28136
28163
28168
28203
28242
28255
28312
28368
28379
28400
28415
28487
28491
28564
28583
28594
28639
28655
28674
28793
28833
28839
28847
28849
28869
28883
28891
28899
28917
28924
28934
28980
29015
29032
29034
29038
29081
29117
29159
29161
29181
29189
29200
29202
29217
29333
29342
29367
29386
29387
29390
29393
29407
29417
29430
29432
29476
29483
29495
29505
29518
29548
29585
29612
29617
29627
29649
29652
29672
29673
29708
29763
29778
29821
29832
29839
29870
29893
29923
29959
30002
30007
30030
30086
30089
30098
30150
30179
30215
30238
30279
30280
30289
30338
30399
30421
30463
30486
30488
30496
30503
30562
30582
30610
30649
30664
30667
30679
30693
30724
30733
30735
30740
30745
30752
30759
30776
30779
30785
30803
30824
30867
30898
30920
30921
30932
30964
30965
30976
30993
31000
31007
31051
31056
31083
31100
31106
31118
31125
31150
31175
31180
31185
31223
31235
31302
31317
31326
31355
31363
31370
31372
31391
31449
31467
31468
31474
31491
31498
31514
31523
31556
31577
31584
31609
31617
31620
31627
31643
31657
31693
31694
31696
31744
31755
31781
31811
31827
31832
31885
31901
31927
31948
31950
31953
31962
31963
31986
31989
31996
32009
32030
32033
32065
32092
32098
32141
32151
32210
32242
32245
32299
32324
32358
32366
32372
32393
32407
32429
32460
32508
32512
32558
32619
32632
32650
32662
32687
32695
32723
32801
32837
32861
32891
32893
32898
32932
32941
32958
32988
33006
33022
33048
33056
33068
33078
33116
33235
33263
33293
33317
33331
33333
33341
33346
33351
33357
33365
33537
33538
33545
33547
33549
33612
33620
33630
33631
33701
33708
33709
33730
33769
33771
33797
33809
33838
33849
33935
33948
33960
33969
33983
34016
34018
34022
34025
34069
34113
34129
34144
34204
34208
34221
34235
34360
34404
34432
34465
34482
34513
34533
34534
34536
34618
34622
34712
34746
34781
34806
34827
34852
34893
34908
34941
34942
34979
35031
35058
35060
35067
35099
35101
35128
35130
35133
35148
35176
35197
35220
35258
35357
35366
35425
35430
35434
35486
35498
35502
35520
35526
35539
35586
35596
35679
35688
35723
35744
35836
35849
35890
35908
35912
35929
35954
36014
36077
36111
36160
36175
36194
36210
36233
36246
36247
36321
36413
36432
36466
36472
36473
36525
36528
36550
36609
36640
36646
36715
36720
36722
36734
36777
36778
36782
36820
36843
36848
36859
36869
36889
36909
36934
37040
37047
37049
37064
37073
37097
37099
37135
37148
37154
37178
37205
37215
37243
37284
37343
37344
37345
37366
37389
37421
37453
37486
37489
37543
37545
37579
37603
37611
37613
37643
37687
37716
37721
37745
37764
37891
37920
37933
37947
37964
38039
38060
38085
38086
38113
38156
38162
38183
38274
38295
38354
38358
38402
38441
38456
38476
38484
38501
38502
38504
38567
38601
38607
38677
38690
38731
38762
38806
38871
38896
38902
38916
38925
38959
38967
39001
39010
39026
39051
39078
39088
39100
39109
39133
39167
39185
39206
39303
39327
39360
39365
39366
39382
39397
39413
39428
39466
39495
39514
39569
39570
39595
39600
39605
39639
39642
39699
39714
39721
39750
39778
39826
39840
39858
39904
39906
39910
39919
39939
39950
39960
40009
40057
40067
40080
40089
40111
40140
40146
40165
40185
40191
40200
40212
40255
40278
40291
40309
40313
40335
40361
40387
40393
40424
40455
40467
40504
40532
40606
40651
40675
40680
40714
40716
40718
40726
40753
40760
40779
40794
40838
40841
40879
40885
40899
40976
40989
41003
41012
41166
41230
41258
41268
41357
41386
41425
41444
41447
41452
41474
41518
41522
41525
41582
41669
41763
41770
41807
41849
41867
41898
41915
41939
41952
41959
41961
41978
42018
42026
42030
42059
42083
42094
42119
42121
42125
42135
42182
42209
42215
42257
42259
42291
42301
42304
42310
42332
42341
42346
42364
42385
42423
42442
42496
42514
42531
42541
42551
42565
42577
42595
42616
42630
42639
42662
42665
42678
42682
42690
42695
42748
42793
42844
42851
42869
42897
42912
42927
42939
43015
43040
43053
43090
43117
43119
43149
43186
43213
43223
43275
43286
43306
43410
43446
43448
43461
43466
43482
43493
43556
43565
43569
43635
43663
43675
43718
43745
43757
43774
43818
43854
43863
43880
43904
43949
43952
43973
43979
44014
44038
44052
44060
44067
44086
44090
44101
44149
44163
44165
44171
44249
44278
44326
44343
44346
44387
44422
44429
44430
44437
44456
44504
44507
44598
44627
44651
44658
44670
44728
44742
44756
44772
44848
44866
44892
44909
44920
44939
44943
44951
44952
44970
45027
45061
45076
45113
45124
45136
45140
45166
45191
45224
45233
45275
45276
45284
45299
45382
45397
45400
45413
45437
45440
45468
45471
45491
45551
45566
45590
45604
45624
45660
45666
45708
45710
45712
45715
45721
45765
45776
45803
45842
45848
45887
45917
45930
45935
45941
45947
45974
46047
46057
46093
46109
46128
46145
46150
46172
46176
46186
46197
46206
46230
46272
46279
46320
46343
46389
46412
46427
46449
46450
46453
46517
46534
46547
46559
46579
46582
46677
46716
46720
46729
46750
46754
46800
46805
46865
46869
46880
46883
46884
46891
46915
46974
46989
47028
47034
47053
47077
47078
47084
47099
47111
47129
47148
47154
47159
47182
47185
47186
47202
47210
47213
47265
47317
47336
47371
47385
47445
47472
47480
47488
47496
47535
47549
47551
47556
47591
47601
47610
47627
47653
47666
47769
47782
47791
47804
47807
47816
47819
47849
47872
47882
47891
47895
47897
47947
48030
48046
48061
48069
48072
48078
48141
48146
48164
48193
48200
48229
48235
48243
48273
48293
48296
48304
48312
48355
48372
48392
48411
48426
48487
48544
48564
48602
48627
48657
48683
48718
48722
48723
48764
48775
48825
48845
48848
48865
48875
48903
48941
48982
49007
49026
49031
49042
49092
49098
49124
49161
49281
49336
49337
49347
49366
49408
49455
49462
49518
49519
49580
49584
49597
49610
49630
49673
49677
49741
49754
49759
49774
49776
49787
49844
49850
49854
49894
49898
49905
49920
49928
49948
49977
49999
50017
50060
50084
50128
50189
50208
50289
50298
50324
50401
50419
50439
50482
50496
50497
50543
50555
50556
50584
50587
50618
50628
50634
50696
50719
50760
50765
50811
50820
50888
50922
50931
50950
50952
50961
51003
51010
51043
51069
51075
51083
51092
51126
51127
51143
51146
51347
51455
51466
51470
51490
51549
51569
51590
51617
51642
51701
51704
51711
51715
51758
51765
51875
51921
51933
51950
51957
51963
51965
51985
52020
52090
52134
52252
52302
52309
52318
52327
52365
52379
52408
52416
52427
52477
52494
52522
52573
52590
52620
52670
52692
52719
52726
52755
52771
52819
52826
52828
52884
52892
52921
52930
52977
53021
53040
53049
53068
53077
53078
53088
53094
53117
53130
53150
53176
53178
53271
53286
53297
53351
53353
53363
53367
53382
53394
53397
53411
53451
53473
53484
53563
53566
53607
53629
53642
53659
53662
53666
53671
53700
53718
53737
53746
53754
53785
53805
53887
53895
53896
53905
53910
53994
53996
54011
54025
54042
54062
54118
54175
54196
54205
54234
54238
54240
54257
54274
54291
54297
54314
54329
54355
54365
54370
54416
54420
54473
54562
54574
54584
54591
54597
54598
54631
54678
54684
54710
54742
54746
54765
54792
54859
54860
54863
54882
54905
54918
54931
54935
54982
54986
55001
55054
55105
55108
55137
55138
55139
55152
55178
55190
55194
55234
55245
55252
55263
55269
55271
55296
55321
55346
55356
55371
55383
55387
55440
55442
55458
55519
55524
55539
55561
55604
55614
55624
55659
55686
55711
55712
55713
55730
55752
55782
55786
55813
55821
55863
55868
55880
55889
55892
55904
55933
55941
55974
56000
56003
56042
56044
56142
56146
56162
56223
56231
56236
56254
56296
56305
56312
56343
56420
56422
56443
56445
56459
56508
56523
56534
56596
56603
56606
56652
56676
56677
56738
56781
56803
56809
56852
56907
56935
56967
57071
57116
57155
57164
57174
57186
57218
57285
57322
57325
57328
57335
57355
57409
57424
57453
57475
57531
57613
57614
57621
57655
57663
57664
57738
57756
57780
57797
57867
57946
57970
58006
58162
58165
58176
58186
58264
58409
58429
58448
58456
58488
58498
58511
58531
58615
58675
58785
58849
58879
58898
58941
58948
58966
59003
59118
59127
59162
59170
59209
59260
59274
59366
59386
59398
59451
59460
59470
59478
59498
59528
59550
59552
59558
59573
59587
59597
59621
59622
59630
59632
59635
59664
59686
59699
59706
59707
59728
59749
59776
59793
59799
59804
59807
59814
59820
59821
59838
59842
59860
59885
59892
59900
59901
59948
59959
59960
59964
59978
