4
20
38
52
53
74
102
111
123
125
127
144
192
204
216
233
242
288
297
317
318
332
402
415
498
508
514
520
539
575
624
657
702
771
777
822
827
843
850
898
927
971
985
996
1015
1046
1075
1109
1152
1159
1169
1193
1202
1233
1237
1255
1326
1350
1360
1367
1381
1387
1391
1472
1501
1505
1509
1514
1523
1565
1589
1601
1619
1622
1638
1653
1661
1670
1684
1735
1815
1836
1848
1892
1929
1957
1966
1970
1996
2020
2025
2042
2076
2083
2104
2118
2120
2131
2136
2140
2141
2206
2212
2221
2264
2275
2281
2288
2302
2306
2325
2397
2427
2467
2482
2488
2503
2520
2523
2552
2553
2559
2589
2630
2634
2663
2753
2754
2890
2897
2898
2903
2913
2947
2970
2976
3009
3055
3064
3105
3158
3179
3196
3210
3220
3253
3276
3279
3299
3305
3321
3332
3334
3368
3381
3393
3402
3435
3440
3452
3458
3470
3480
3518
3533
3556
3557
3571
3594
3604
3606
3627
3654
3692
3725
3733
3747
3758
3777
3803
3805
3821
3823
3873
3892
3959
3990
3995
4098
4111
4119
4126
4151
4171
4183
4316
4331
4343
4367
4375
4400
4434
4454
4501
4503
4507
4528
4530
4588
4667
4669
4742
4749
4752
4767
4800
4805
4813
4830
4884
4887
4891
4911
4954
4972
4985
5001
5044
5049
5054
5095
5111
5138
5149
5188
5228
5241
5295
5309
5316
5318
5320
5321
5403
5417
5443
5466
5508
5523
5537
5569
5616
5645
5663
5720
5776
5778
5792
5796
5832
5860
5903
5915
5932
5961
5991
5995
6019
6045
6054
6105
6122
6138
6143
6165
6195
6216
6264
6280
6292
6302
6308
6313
6336
6386
6392
6427
6440
6510
6537
6611
6620
6621
6664
6681
6711
6719
6724
6738
6759
6772
6829
6897
6943
6944
6945
6955
6967
7004
7032
7068
7087
7091
7102
7129
7136
7142
7208
7212
7246
7278
7298
7317
7339
7378
7397
7411
7426
7428
7463
7530
7586
7632
7640
7641
7646
7659
7660
7804
7805
7820
7828
7853
7876
7891
7917
7920
7934
7949
7962
7984
8084
8085
8101
8125
8170
8193
8199
8206
8210
8263
8295
8328
8339
8345
8349
8360
8394
8400
8432
8512
8538
8540
8582
8583
8631
8659
8704
8719
8747
8769
8867
8894
8902
8963
8971
8995
9019
9028
9033
9041
9050
9120
9128
9136
9189
9267
9273
9288
9314
9338
9340
9362
9402
9445
9454
9561
9610
9629
9642
9654
9659
9694
9711
9719
9789
9824
9825
9841
9945
10006
10018
10030
10071
10124
10154
10159
10184
10187
10208
10238
10252
10289
10294
10403
10405
10446
10478
10503
10516
10570
10578
10579
10602
10704
10711
10738
10752
10775
10784
10853
10874
10891
10899
10919
10920
10934
10960
10999
11004
11036
11044
11118
11123
11125
11149
11210
11244
11256
11265
11274
11283
11293
11324
11339
11347
11361
11377
11384
11387
11394
11424
11426
11430
11440
11467
11477
11494
11512
11539
11546
11564
11605
11630
11661
11666
11716
11750
11789
11819
11856
11884
11887
11893
11913
11928
11940
11991
11998
12006
12011
12032
12084
12109
12118
12141
12147
12173
12184
12191
12219
12232
12236
12244
12279
12301
12303
12321
12346
12385
12396
12421
12426
12429
12454
12457
12461
12500
12501
12555
12560
12589
12636
12641
12644
12650
12679
12686
12713
12727
12757
12760
12773
12812
12885
12888
12891
12895
12923
12940
12946
12957
13032
13076
13102
13103
13126
13158
13258
13311
13329
13358
13377
13383
13434
13469
13536
13562
13604
13605
13613
13614
13679
13695
13722
13735
13780
13788
13812
13816
13818
13820
13862
13921
13933
14000
14009
14045
14087
14129
14135
14147
14181
14184
14197
14232
14294
14353
14381
14430
14447
14468
14536
14573
14581
14635
14637
14645
14646
14732
14735
14779
14817
14853
14875
14908
14949
14968
14986
14990
15018
15039
15070
15096
15111
15132
15150
15151
15158
15160
15163
15170
15179
15277
15314
15343
15355
15419
15433
15451
15454
15456
15491
15523
15529
15540
15543
15578
15611
15614
15658
15661
15666
15705
15715
15767
15776
15787
15798
15818
15821
15850
15938
15948
15956
16003
16013
16047
16049
16074
16100
16110
16159
16162
16226
16285
16302
16367
16373
16405
16411
16412
16415
16431
16437
16451
16496
16513
16530
16546
16570
16599
16624
16626
16669
16671
16681
16689
16696
16700
16702
16744
16747
16757
16764
16778
16781
16810
16813
16837
16857
16889
16895
16904
16918
16926
16952
16996
17017
17043
17052
17056
17059
17061
17097
17163
17203
17206
17224
17285
17296
17315
17330
17369
17383
17403
17450
17483
17498
17520
17533
17545
17547
17562
17566
17570
17626
17670
17685
17757
17802
17807
17830
17831
17834
17842
17861
17878
17880
17882
17890
17918
17919
17937
17944
18013
18034
18052
18061
18063
18065
18081
18098
18153
18211
18217
18219
18222
18231
18287
18326
18393
18405
18414
18470
18491
18506
18575
18603
18627
18666
18730
18735
18762
18767
18790
18838
18858
18870
18899
18905
18906
18928
18947
18988
18989
18998
19018
19059
19124
19157
19198
19221
19257
19269
19320
19426
19435
19455
19482
19505
19570
19585
19635
19669
19677
19713
19792
19844
19846
19888
19935
19987
20034
20051
20057
20079
20088
20109
20132
20138
20209
20264
20336
20353
20354
20360
20383
20397
20401
20413
20417
20423
20427
20491
20526
20536
20598
20637
20646
20647
20663
20670
20676
20689
20700
20708
20714
20761
20820
20885
20886
20891
20920
20950
20957
20964
20996
21017
21053
21085
21097
21098
21128
21139
21183
21226
21237
21260
21262
21287
21398
21417
21428
21484
21541
21546
21572
21583
21594
21720
21800
21808
21816
21819
21852
21878
21908
21943
21951
21988
21993
21999
22009
22018
22054
22059
22065
22095
22189
22259
22303
22307
22308
22313
22314
22416
22507
22511
22529
22534
22580
22633
22674
22699
22713
22739
22742
22756
22765
22780
22782
22785
22847
22863
22897
22915
22945
22952
22974
23004
23030
23113
23118
23143
23145
23194
23209
23222
23226
23237
23258
23273
23279
23295
23297
23332
23398
23401
23433
23443
23463
23473
23529
23579
23625
23633
23636
23683
23694
23699
23707
23718
23747
23775
23779
23783
23848
23864
23885
23886
23888
23907
23917
24026
24051
24066
24078
24084
24136
24173
24188
24202
24215
24240
24270
24331
24387
24417
24515
24516
24527
24533
24621
24626
24657
24660
24665
24683
24797
24862
24930
24935
24952
25064
25092
25100
25122
25155
25156
25180
25196
25216
25234
25264
25283
25296
25309
25325
25342
25427
25535
25546
25559
25624
25660
25674
25680
25742
25747
25763
25835
25837
25986
25988
26067
26072
26073
26099
26104
26186
26214
26249
26255
26327
26335
26358
26436
26450
26462
26468
26515
26535
26564
26576
26583
26608
26614
26621
26631
26679
26738
26787
26840
26857
26877
26928
26997
27004
27030
27080
27146
27165
27170
27180
27190
27203
27222
27234
27239
27251
27258
27263
27264
27291
27295
27296
27307
27355
27395
27403
27409
27413
27426
27530
27535
27536
27539
27571
27572
27580
27597
27602
27615
27618
27635
27641
27642
27667
27669
27691
27699
27721
27730
27733
27740
27768
27782
27789
27799
27810
27895
27911
27927
27943
27960
27965
27972
28011
28014
28019
28042
28083
28091
28197
28243
28274
28278
28279
28340
28345
28358
28375
28395
28463
28470
28517
28543
28552
28586
28591
28637
28642
28647
28658
28661
28707
28720
28756
28791
28806
28845
28884
28904
28907
28908
28931
28992
29006
29020
29029
29049
29063
29078
29082
29085
29109
29233
29254
29262
29276
29281
29284
29307
29368
29525
29533
29556
29568
29584
29613
29682
29684
29711
29714
29758
29780
29783
29798
29833
29834
29840
29851
29891
29894
29909
30032
30043
30065
30069
30074
30090
30094
30125
30146
30164
30176
30191
30216
30243
30249
30250
30265
30284
30296
30299
30306
30326
30334
30376
30385
30440
30447
30473
30505
30528
30532
30536
30557
30561
30575
30599
30602
30618
30632
30651
30662
30663
30666
30711
30715
30716
30731
30753
30836
30847
30851
30883
30909
30935
30941
30967
30992
31001
31004
31024
31037
31109
31129
31162
31214
31217
31273
31286
31404
31434
31485
31520
31538
31561
31594
31623
31631
31634
31662
31676
31679
31702
31722
31727
31734
31770
31791
31851
31852
31863
31902
31908
31924
31958
31960
31975
31990
31991
32052
32104
32130
32163
32178
32219
32262
32280
32326
32352
32375
32471
32484
32630
32661
32724
32742
32756
32785
32800
32854
32859
32872
32904
32933
32956
32959
32976
33003
33004
33009
33023
33050
33091
33097
33101
33120
33147
33157
33159
33179
33181
33200
33211
33233
33259
33368
33390
33419
33434
33480
33487
33492
33551
33553
33570
33579
33623
33625
33628
33867
33945
34008
34010
34019
34043
34046
34087
34092
34158
34169
34213
34224
34244
34250
34317
34393
34410
34413
34423
34451
34459
34461
34495
34504
34529
34583
34587
34592
34604
34631
34632
34662
34722
34731
34749
34755
34759
34770
34784
34800
34808
34825
34849
34861
34873
34875
34879
34900
34939
34954
34970
34980
34992
35036
35040
35050
35081
35086
35097
35098
35109
35143
35192
35246
35252
35262
35272
35289
35312
35348
35352
35373
35379
35381
35397
35457
35459
35461
35474
35478
35505
35532
35554
35578
35589
35647
35665
35673
35691
35741
35753
35789
35792
35805
35884
35896
35902
35922
35967
35981
36008
36029
36069
36119
36200
36208
36318
36357
36364
36382
36480
36503
36520
36536
36555
36565
36604
36630
36689
36721
36723
36743
36766
36774
36775
36788
36808
36830
36831
36904
36916
36936
36982
36990
36994
37004
37018
37023
37043
37059
37071
37087
37089
37143
37161
37188
37297
37325
37354
37387
37449
37451
37454
37463
37506
37533
37564
37591
37596
37608
37675
37723
37761
37805
37843
37846
37878
37907
37960
37963
38009
38048
38108
38115
38118
38125
38165
38177
38196
38213
38215
38225
38236
38334
38348
38391
38426
38431
38475
38498
38593
38630
38644
38648
38668
38689
38691
38725
38742
38760
38791
38831
38850
38879
38909
38920
38968
38984
38996
39022
39039
39201
39202
39286
39288
39394
39477
39480
39501
39508
39521
39574
39575
39592
39607
39689
39697
39707
39711
39713
39718
39755
39862
39874
39894
39923
39926
39930
39968
39977
39987
39992
40020
40030
40042
40076
40092
40128
40130
40142
40276
40301
40326
40350
40372
40386
40405
40414
40416
40432
40439
40449
40450
40453
40474
40494
40512
40537
40594
40623
40657
40668
40690
40725
40754
40763
40778
40802
40825
40861
40881
40897
40913
40944
40992
41019
41042
41051
41054
41084
41099
41136
41161
41163
41209
41240
41266
41300
41326
41336
41354
41356
41361
41363
41369
41380
41390
41440
41459
41469
41490
41526
41530
41535
41537
41543
41550
41570
41591
41606
41611
41642
41686
41706
41718
41779
41781
41782
41783
41804
41859
41887
41926
41957
42033
42070
42086
42095
42126
42156
42157
42192
42194
42264
42271
42295
42358
42405
42440
42459
42460
42465
42477
42492
42498
42555
42560
42671
42703
42705
42727
42784
42806
42818
42837
42864
42884
42894
42943
43005
43014
43095
43126
43155
43163
43173
43248
43249
43260
43269
43271
43287
43309
43331
43332
43339
43361
43380
43501
43523
43553
43560
43566
43595
43611
43614
43633
43636
43670
43672
43720
43728
43738
43802
43825
43845
43851
43859
43871
43921
43938
43939
43957
43975
43991
44040
44045
44048
44117
44159
44190
44237
44261
44273
44274
44307
44328
44357
44361
44374
44406
44407
44412
44457
44484
44486
44505
44508
44510
44515
44540
44563
44618
44630
44645
44646
44672
44710
44741
44748
44809
44825
44834
44860
44867
44877
44880
44886
44923
44942
44993
45038
45063
45101
45107
45128
45144
45164
45231
45248
45294
45330
45341
45353
45354
45446
45465
45469
45591
45598
45613
45617
45636
45732
45763
45769
45785
45804
45816
45841
45919
45937
46006
46008
46021
46028
46036
46212
46261
46273
46299
46327
46338
46375
46376
46382
46395
46409
46415
46486
46515
46573
46601
46621
46631
46632
46646
46668
46764
46769
46786
46796
46801
46831
46911
46981
46982
46986
46988
47026
47089
47093
47094
47097
47128
47137
47143
47197
47224
47260
47271
47282
47307
47319
47326
47350
47361
47376
47430
47526
47566
47579
47597
47602
47615
47633
47635
47654
47694
47725
47727
47743
47796
47877
47884
47928
47944
47974
47995
47997
48018
48031
48093
48105
48127
48128
48139
48160
48205
48209
48211
48220
48221
48224
48267
48310
48324
48375
48380
48445
48469
48562
48566
48584
48615
48635
48659
48668
48699
48727
48749
48759
48766
48846
48861
48883
48901
48909
48920
48935
48938
48940
48956
48989
49034
49099
49109
49172
49213
49227
49234
49247
49251
49285
49328
49339
49340
49389
49397
49452
49485
49505
49506
49514
49537
49539
49560
49619
49632
49669
49700
49790
49815
49826
49829
49833
49868
49888
49890
49912
49945
49984
50053
50063
50074
50077
50085
50129
50143
50146
50172
50204
50220
50240
50265
50287
50358
50391
50436
50437
50440
50466
50491
50538
50619
50670
50704
50705
50708
50758
50799
50821
50830
50863
50864
50872
50896
50899
50902
50915
50975
50978
50991
50995
51034
51111
51122
51136
51153
51188
51244
51250
51274
51299
51300
51315
51322
51332
51474
51508
51566
51574
51588
51592
51633
51713
51787
51804
51859
51872
51884
51888
51892
51942
51978
51993
52004
52009
52024
52045
52055
52095
52131
52141
52237
52255
52261
52279
52288
52344
52432
52444
52471
52490
52516
52519
52529
52548
52582
52624
52627
52638
52672
52673
52679
52707
52735
52744
52749
52761
52776
52822
52840
52857
52874
52881
52891
52918
52949
52991
53057
53069
53159
53164
53184
53186
53218
53219
53257
53293
53410
53430
53435
53441
53502
53509
53532
53544
53548
53570
53602
53609
53638
53654
53668
53690
53711
53762
53789
53800
53826
53878
53982
53983
54043
54056
54080
54088
54090
54108
54117
54121
54135
54140
54146
54202
54227
54295
54307
54342
54356
54357
54373
54384
54439
54477
54508
54617
54627
54632
54642
54656
54674
54685
54724
54752
54791
54834
54844
54851
54856
54915
54920
55008
55063
55064
55076
55080
55089
55102
55117
55174
55176
55198
55202
55240
55305
55310
55372
55464
55476
55490
55522
55550
55573
55580
55594
55596
55598
55643
55656
55697
55717
55764
55781
55787
55797
55799
55803
55805
55845
55862
55884
55885
55886
55903
55920
55928
55944
55962
55965
56010
56038
56061
56068
56238
56242
56274
56283
56309
56320
56339
56340
56350
56362
56416
56463
56485
56496
56498
56535
56564
56581
56587
56642
56687
56702
56704
56721
56727
56737
56822
56825
56869
56890
56925
56937
56938
56986
56988
56994
56997
57038
57086
57097
57107
57152
57156
57171
57181
57269
57272
57292
57299
57314
57381
57388
57390
57413
57438
57440
57474
57484
57540
57593
57604
57631
57634
57639
57640
57643
57706
57732
57765
57766
57809
57811
57825
57855
57877
57883
57887
57898
57917
57936
57950
57957
57960
58008
58035
58042
58089
58144
58211
58232
58279
58285
58288
58295
58303
58304
58317
58326
58357
58376
58389
58412
58427
58443
58453
58460
58471
58496
58525
58537
58544
58564
58566
58572
58594
58621
58625
58676
58681
58695
58773
58776
58792
58813
58817
58826
58836
58839
58862
58888
58913
58916
58928
58955
58961
58967
59018
59039
59042
59054
59083
59084
59090
59093
59105
59122
59133
59147
59148
59161
59195
59213
59250
59263
59269
59276
59316
59332
59385
59466
59480
59483
59511
59517
59582
59600
59641
59644
59653
59678
59690
59693
59700
59753
59758
59772
59795
59797
59805
59808
59809
59831
59845
59848
59870
59872
59874
59880
59895
59922
59924
59931
59946
59947
59997
