7
37
88
101
138
147
165
173
179
193
240
285
291
321
379
396
417
422
437
453
468
489
550
563
587
599
616
623
641
681
718
730
750
798
815
819
829
854
953
959
960
969
1021
1074
1083
1085
1089
1090
1174
1206
1207
1310
1351
1369
1390
1406
1415
1418
1432
1456
1468
1495
1507
1525
1531
1537
1558
1630
1642
1644
1678
1686
1687
1699
1760
1761
1769
1779
1785
1806
1827
1838
1843
1861
1891
1906
1915
1926
1984
2002
2019
2066
2075
2088
2103
2123
2153
2209
2242
2266
2284
2296
2313
2330
2340
2363
2377
2378
2389
2400
2407
2434
2448
2458
2492
2515
2578
2624
2654
2664
2696
2720
2725
2733
2741
2742
2758
2765
2770
2786
2788
2821
2826
2880
2885
2924
2934
2972
3058
3097
3125
3172
3224
3227
3230
3238
3243
3271
3288
3290
3303
3304
3317
3474
3477
3489
3490
3512
3543
3561
3581
3582
3596
3598
3623
3629
3631
3650
3655
3742
3767
3772
3809
3818
3829
3838
3856
3859
3936
4021
4048
4066
4143
4190
4203
4216
4235
4241
4243
4249
4254
4259
4262
4303
4310
4315
4351
4352
4426
4449
4499
4521
4549
4553
4560
4562
4569
4573
4590
4602
4606
4668
4688
4690
4753
4766
4775
4804
4809
4826
4839
4842
4851
4925
4955
4984
5021
5024
5029
5030
5034
5084
5102
5108
5126
5189
5231
5284
5353
5364
5378
5382
5412
5453
5461
5511
5532
5534
5538
5578
5594
5641
5680
5705
5734
5736
5757
5802
5810
5816
5833
5858
5914
5926
5945
5952
5987
6028
6057
6110
6147
6214
6241
6255
6265
6279
6283
6326
6343
6385
6421
6459
6492
6533
6552
6595
6701
6708
6752
6774
6783
6818
6820
6822
6836
6848
6855
6877
6904
6919
6938
6963
6975
6979
6983
7051
7055
7062
7133
7154
7197
7209
7247
7303
7336
7375
7398
7404
7432
7444
7447
7495
7497
7500
7508
7540
7547
7550
7565
7573
7654
7680
7733
7784
7799
7840
7854
7956
7973
7988
7991
7996
8008
8041
8080
8091
8092
8094
8095
8117
8120
8137
8149
8152
8178
8248
8288
8297
8362
8389
8409
8421
8423
8479
8481
8487
8493
8495
8500
8553
8554
8570
8576
8611
8613
8626
8632
8634
8725
8764
8780
8810
8823
8874
8884
8919
8933
8964
8979
8980
9004
9037
9061
9066
9071
9085
9118
9122
9151
9168
9204
9222
9241
9271
9283
9330
9339
9443
9471
9500
9577
9591
9648
9667
9687
9699
9736
9792
9865
9873
9881
9884
9902
9933
9956
10085
10089
10097
10103
10119
10190
10292
10296
10305
10358
10382
10392
10394
10419
10430
10444
10463
10464
10480
10567
10573
10596
10600
10609
10620
10640
10641
10652
10653
10670
10680
10700
10701
10706
10739
10776
10796
10800
10820
10824
10884
10938
10944
10964
10967
10972
10991
11018
11024
11059
11113
11122
11134
11159
11169
11190
11191
11215
11224
11376
11410
11423
11452
11459
11511
11535
11561
11583
11592
11594
11599
11602
11620
11644
11721
11755
11768
11797
11804
11818
11841
11844
11885
11912
11929
11949
11966
12054
12066
12096
12161
12220
12227
12241
12262
12314
12325
12374
12399
12423
12425
12479
12484
12519
12520
12545
12587
12596
12599
12620
12626
12694
12725
12730
12750
12822
12840
12905
12933
12942
12961
13014
13020
13029
13051
13092
13096
13162
13167
13182
13195
13221
13225
13227
13245
13251
13347
13429
13441
13444
13455
13476
13508
13515
13540
13559
13563
13564
13623
13624
13672
13708
13729
13775
13801
13808
13869
13905
13907
13928
13929
13937
13960
13967
13992
13994
14029
14074
14076
14114
14187
14202
14308
14334
14337
14372
14392
14422
14443
14509
14545
14598
14603
14623
14636
14667
14687
14725
14745
14758
14762
14776
14782
14785
14792
14796
14837
14867
14886
14969
15005
15062
15147
15264
15282
15301
15344
15362
15408
15411
15436
15473
15474
15501
15504
15510
15562
15580
15636
15669
15671
15679
15686
15714
15744
15756
15785
15873
15896
15926
15933
15999
16006
16021
16033
16072
16080
16092
16132
16152
16161
16169
16262
16267
16294
16379
16381
16450
16491
16506
16508
16571
16598
16695
16759
16784
16785
16821
16870
16931
16940
16978
17015
17019
17022
17025
17037
17038
17049
17109
17123
17132
17151
17199
17220
17221
17228
17262
17282
17300
17309
17311
17328
17367
17389
17404
17446
17474
17477
17491
17496
17507
17508
17509
17523
17567
17585
17635
17650
17651
17656
17694
17700
17726
17763
17797
17837
17868
17896
17898
17985
17997
18011
18015
18047
18064
18076
18079
18124
18131
18180
18186
18261
18286
18294
18307
18319
18321
18346
18372
18413
18421
18448
18449
18458
18511
18519
18533
18537
18549
18571
18617
18618
18620
18626
18650
18686
18711
18716
18722
18723
18725
18734
18737
18783
18799
18807
18829
18876
18877
18882
18888
18901
18919
18943
19000
19038
19041
19045
19053
19068
19073
19091
19148
19189
19253
19261
19329
19351
19353
19392
19418
19439
19467
19508
19535
19537
19538
19608
19610
19613
19620
19624
19639
19648
19658
19670
19730
19739
19749
19770
19807
19868
19880
19899
19929
19985
20039
20040
20043
20053
20076
20089
20101
20119
20122
20125
20146
20193
20299
20303
20332
20340
20352
20367
20371
20375
20405
20422
20473
20568
20640
20677
20742
20851
20865
20926
20946
21039
21060
21114
21116
21122
21133
21134
21160
21170
21187
21197
21201
21205
21247
21249
21300
21310
21327
21368
21371
21388
21389
21397
21512
21533
21559
21577
21615
21667
21685
21691
21699
21710
21711
21748
21760
21770
21778
21821
21914
21974
21991
22011
22073
22077
22114
22131
22135
22136
22142
22197
22231
22237
22252
22260
22337
22348
22368
22393
22426
22450
22456
22457
22490
22500
22508
22516
22518
22542
22590
22594
22605
22645
22646
22657
22684
22690
22730
22775
22793
22798
22891
22895
22929
22931
22971
22979
23062
23083
23172
23304
23365
23395
23396
23464
23476
23493
23516
23528
23542
23555
23592
23595
23650
23660
23689
23813
23843
23845
23898
23901
23903
23928
23947
23959
24010
24013
24040
24097
24126
24205
24207
24208
24209
24218
24275
24280
24291
24313
24316
24332
24333
24361
24398
24445
24473
24506
24523
24529
24558
24603
24608
24622
24649
24673
24711
24722
24745
24783
24816
24839
24840
24844
24845
24866
24869
24871
24939
24951
24961
24976
24978
24980
24989
25072
25073
25081
25086
25087
25124
25136
25147
25211
25223
25228
25236
25242
25348
25401
25406
25435
25444
25468
25471
25503
25526
25540
25566
25568
25572
25589
25591
25626
25653
25676
25725
25749
25756
25757
25786
25795
25811
25815
25851
25859
25878
25884
25939
25961
25990
25994
26025
26059
26060
26088
26138
26155
26165
26172
26178
26184
26189
26196
26199
26218
26220
26221
26236
26273
26280
26286
26350
26372
26400
26406
26414
26431
26476
26514
26521
26547
26550
26578
26590
26630
26668
26693
26694
26696
26734
26749
26751
26768
26784
26812
26815
26875
26889
26946
26954
26956
26965
26970
26974
26977
26985
27022
27035
27101
27130
27177
27183
27191
27206
27219
27274
27280
27293
27300
27302
27337
27448
27452
27458
27507
27515
27533
27541
27542
27570
27600
27626
27634
27647
27666
27680
27683
27694
27707
27715
27746
27772
27833
27849
27914
27931
27940
27976
28005
28010
28034
28119
28121
28126
28152
28159
28161
28232
28352
28364
28382
28396
28406
28421
28432
28449
28494
28514
28526
28558
28566
28611
28625
28629
28634
28675
28680
28700
28713
28764
28781
28808
28824
28841
28855
28880
28881
28893
28895
28940
28949
28965
28978
29008
29059
29073
29092
29126
29129
29198
29203
29344
29358
29445
29452
29456
29480
29484
29500
29502
29521
29526
29527
29537
29587
29596
29647
29657
29659
29769
29788
29802
29852
29853
29886
29887
29895
29913
29917
29924
29958
29963
30045
30048
30082
30084
30101
30116
30197
30221
30254
30343
30351
30368
30467
30490
30495
30520
30522
30530
30547
30643
30668
30703
30706
30714
30723
30772
30786
30788
30832
30834
30855
30856
30911
30953
30968
30981
30989
31042
31082
31094
31108
31145
31153
31179
31189
31215
31232
31256
31276
31383
31416
31444
31457
31499
31555
31559
31571
31625
31639
31641
31652
31680
31728
31742
31746
31752
31776
31814
31816
31833
31869
31871
31913
31921
31933
32002
32024
32029
32058
32069
32085
32112
32138
32189
32253
32261
32268
32283
32287
32305
32306
32387
32390
32400
32405
32428
32452
32472
32489
32492
32525
32532
32594
32621
32625
32644
32657
32707
32712
32715
32745
32747
32762
32766
32773
32781
32809
32813
32817
32834
32851
32896
32942
32944
32961
32964
32968
32981
33040
33071
33079
33109
33153
33190
33210
33212
33217
33220
33254
33261
33289
33318
33325
33377
33384
33421
33493
33508
33626
33637
33641
33651
33679
33756
33763
33787
33806
33834
33904
33922
33923
33931
33963
34044
34047
34049
34075
34100
34166
34237
34239
34253
34320
34327
34344
34345
34347
34358
34359
34395
34403
34535
34555
34615
34643
34649
34692
34701
34737
34767
34777
34814
34847
34858
34883
34894
34918
34953
34955
34984
35016
35017
35055
35089
35119
35129
35165
35255
35269
35277
35285
35290
35301
35419
35423
35483
35490
35551
35563
35568
35614
35638
35746
35762
35783
35785
35786
35790
35834
35843
35873
35882
35904
35911
35918
35944
35965
35966
35970
35974
35978
36057
36127
36143
36177
36207
36230
36248
36249
36262
36267
36289
36327
36334
36417
36419
36436
36446
36526
36535
36566
36571
36600
36625
36637
36641
36695
36746
36785
36845
36858
36883
36891
36962
37000
37039
37056
37070
37078
37083
37159
37192
37210
37218
37219
37249
37270
37274
37310
37314
37329
37340
37349
37406
37409
37452
37491
37529
37552
37612
37663
37697
37702
37714
37782
37784
37792
37836
37837
37880
37908
37912
37952
37954
37958
38012
38040
38057
38079
38100
38151
38161
38167
38176
38204
38206
38221
38235
38239
38283
38286
38311
38344
38362
38393
38401
38405
38423
38462
38474
38491
38505
38519
38552
38572
38575
38576
38598
38599
38715
38734
38743
38763
38777
38778
38785
38874
38889
38894
38988
39016
39017
39097
39148
39196
39235
39279
39287
39292
39300
39332
39367
39405
39448
39452
39453
39456
39470
39515
39561
39588
39609
39663
39665
39688
39691
39695
39702
39726
39749
39766
39807
39889
40024
40051
40052
40064
40079
40100
40127
40138
40173
40223
40240
40250
40263
40304
40415
40417
40418
40465
40476
40478
40536
40553
40559
40621
40627
40637
40644
40687
40692
40741
40751
40756
40904
40931
41011
41015
41031
41039
41048
41055
41061
41088
41119
41122
41128
41141
41144
41226
41227
41249
41251
41262
41265
41367
41383
41385
41412
41427
41428
41431
41450
41489
41504
41534
41559
41584
41670
41678
41690
41698
41703
41801
41841
41855
41904
41908
41922
41936
42050
42067
42087
42091
42129
42133
42136
42189
42195
42222
42311
42334
42359
42435
42438
42458
42462
42464
42483
42510
42543
42566
42726
42772
42821
42877
42907
42914
42951
42992
42993
43024
43047
43050
43062
43070
43097
43135
43143
43148
43174
43176
43184
43210
43219
43230
43257
43277
43283
43302
43315
43358
43367
43368
43383
43387
43394
43400
43454
43464
43542
43603
43612
43623
43668
43693
43699
43712
43739
43775
43852
43865
43870
43888
43925
43966
43974
43980
43992
44062
44083
44162
44175
44178
44260
44285
44364
44366
44385
44390
44424
44439
44444
44476
44477
44478
44537
44569
44607
44676
44686
44709
44730
44743
44768
44818
44839
44879
44884
44908
44910
44914
44922
44928
44949
44960
45005
45012
45013
45062
45142
45175
45197
45201
45211
45302
45365
45368
45427
45479
45516
45527
45531
45534
45582
45606
45622
45631
45640
45674
45705
45716
45746
45772
45779
45784
45826
45839
45847
45859
45893
45924
45953
45965
45972
46025
46042
46060
46077
46097
46127
46185
46192
46202
46209
46255
46335
46368
46384
46396
46398
46417
46429
46462
46463
46495
46523
46528
46583
46598
46602
46604
46608
46612
46665
46684
46706
46707
46751
46758
46802
46811
46814
46833
46882
46887
46897
46932
46945
46950
46960
47098
47101
47109
47122
47126
47180
47181
47199
47209
47237
47256
47268
47289
47295
47301
47343
47352
47419
47420
47443
47449
47464
47500
47503
47508
47530
47537
47544
47560
47563
47577
47605
47644
47661
47679
47713
47722
47732
47771
47777
47802
47837
47851
47856
47900
47961
48010
48040
48041
48050
48055
48123
48137
48145
48151
48174
48187
48214
48248
48255
48256
48263
48298
48301
48377
48389
48401
48419
48423
48434
48459
48507
48523
48595
48600
48625
48689
48739
48770
48782
48786
48817
48887
48897
48917
48930
48958
49033
49062
49119
49129
49157
49164
49166
49184
49188
49220
49221
49222
49229
49240
49249
49250
49275
49277
49286
49321
49330
49357
49373
49421
49425
49431
49459
49467
49494
49496
49511
49517
49543
49573
49578
49620
49626
49707
49712
49731
49744
49775
49785
49788
49806
49842
49858
49860
49870
49900
49929
49983
50065
50072
50088
50098
50162
50165
50174
50188
50213
50234
50247
50273
50275
50302
50312
50313
50393
50444
50454
50471
50486
50495
50498
50520
50523
50540
50585
50590
50612
50626
50645
50669
50671
50717
50754
50756
50768
50788
50790
50792
50817
50857
50867
50905
50910
50976
50982
50987
51044
51087
51089
51113
51141
51148
51178
51186
51190
51201
51208
51241
51265
51310
51349
51372
51416
51435
51477
51488
51498
51513
51515
51519
51522
51539
51552
51573
51594
51601
51610
51637
51639
51707
51726
51748
51751
51792
51811
51837
51873
51881
51912
51944
51949
51981
51988
52014
52029
52031
52044
52059
52091
52092
52163
52187
52203
52303
52368
52375
52380
52390
52435
52455
52467
52524
52530
52535
52557
52565
52572
52585
52649
52662
52665
52715
52738
52764
52810
52829
52861
52863
52877
52926
52948
52982
53052
53054
53104
53131
53136
53141
53152
53203
53216
53233
53272
53308
53321
53359
53453
53498
53530
53539
53567
53575
53633
53637
53682
53691
53710
53712
53726
53760
53773
53792
53816
53818
53850
53872
53876
53925
53956
53957
53960
53961
53976
53988
54007
54053
54073
54095
54123
54131
54137
54170
54193
54209
54214
54233
54271
54280
54293
54319
54327
54340
54348
54366
54383
54389
54395
54396
54446
54450
54493
54509
54550
54585
54588
54636
54681
54764
54771
54795
54820
54824
54833
54843
54850
54875
54966
54975
54999
55015
55031
55032
55035
55110
55135
55233
55254
55268
55298
55309
55334
55349
55384
55391
55405
55416
55418
55453
55466
55513
55527
55551
55590
55597
55603
55642
55647
55650
55658
55688
55696
55731
55768
55774
55794
55807
55820
55827
55844
55852
55873
55897
55900
55910
55930
55932
55998
56005
56011
56041
56082
56098
56125
56138
56167
56194
56202
56208
56228
56294
56325
56351
56370
56423
56481
56494
56511
56513
56515
56615
56624
56631
56635
56637
56641
56659
56665
56694
56708
56715
56723
56736
56778
56793
56794
56799
56827
56834
56861
56866
56875
56910
56942
56981
57028
57108
57121
57129
57148
57176
57191
57219
57227
57237
57280
57320
57323
57326
57332
57385
57404
57428
57431
57495
57500
57530
57547
57551
57601
57602
57607
57622
57630
57658
57710
57763
57787
57788
57805
57808
57814
57815
57818
57826
57827
57834
57878
57915
57963
58027
58046
58062
58097
58118
58137
58141
58149
58164
58184
58218
58219
58253
58270
58388
58391
58428
58430
58466
58485
58637
58677
58692
58709
58712
58753
58758
58767
58775
58779
58780
58782
58796
58816
58823
58859
58887
58926
58940
58942
58945
58981
58983
59010
59026
59041
59065
59070
59095
59153
59160
59167
59176
59235
59283
59285
59300
59314
59351
59361
59370
59376
59414
59415
59416
59444
59448
59459
59461
59464
59467
59488
59515
59544
59575
59694
59754
59811
59846
59910
