27
55
180
256
268
281
293
315
333
349
373
450
469
475
476
530
577
600
612
693
721
741
756
779
837
872
943
954
981
1032
1100
1105
1146
1151
1194
1197
1216
1238
1259
1266
1283
1304
1312
1329
1335
1337
1372
1377
1389
1411
1424
1433
1435
1459
1493
1524
1547
1569
1616
1651
1673
1697
1731
1796
1805
1868
1958
1987
1991
2005
2048
2050
2101
2187
2201
2220
2236
2246
2271
2280
2309
2320
2332
2392
2404
2431
2476
2494
2529
2565
2611
2656
2665
2699
2704
2708
2731
2768
2808
2820
2829
2839
2845
2852
2959
2968
2990
2999
3001
3010
3016
3054
3081
3124
3144
3164
3173
3178
3184
3221
3229
3242
3325
3347
3365
3367
3382
3389
3507
3601
3620
3624
3625
3656
3672
3678
3695
3699
3702
3703
3755
3774
3797
3806
3816
3840
3883
3909
3919
3998
4056
4080
4123
4180
4212
4252
4256
4258
4283
4337
4359
4406
4424
4455
4466
4479
4512
4517
4554
4592
4603
4620
4642
4647
4654
4689
4691
4695
4700
4704
4827
4847
4863
4910
4924
4931
4932
4935
4976
4978
5059
5092
5094
5097
5127
5192
5239
5255
5270
5286
5328
5335
5336
5406
5419
5447
5450
5484
5570
5583
5604
5647
5648
5655
5710
5748
5822
5835
5847
5865
5873
5944
5946
5965
5992
6035
6043
6052
6075
6097
6149
6182
6237
6270
6310
6316
6353
6361
6362
6369
6388
6406
6438
6439
6451
6519
6526
6547
6555
6586
6591
6607
6726
6733
6734
6736
6741
6742
6750
6762
6766
6778
6779
6784
6787
6792
6863
6874
6920
6959
6985
6996
7053
7092
7094
7196
7222
7235
7241
7258
7264
7271
7273
7299
7349
7489
7523
7555
7594
7614
7638
7690
7706
7745
7776
7788
7791
7794
7816
7829
7845
7901
7952
7964
7975
7994
8015
8019
8031
8068
8076
8086
8096
8106
8130
8142
8154
8156
8236
8251
8291
8331
8334
8361
8415
8422
8427
8458
8463
8501
8503
8509
8522
8594
8596
8624
8639
8643
8666
8734
8736
8766
8819
8834
8868
8878
8901
8917
8920
8934
8942
8999
9000
9015
9030
9043
9059
9074
9126
9142
9197
9257
9279
9289
9305
9319
9361
9384
9391
9408
9411
9418
9491
9607
9623
9646
9713
9720
9738
9740
9821
9852
9857
9858
9878
9900
9924
9928
9990
9992
10051
10059
10079
10227
10230
10242
10244
10247
10287
10297
10314
10323
10357
10395
10409
10417
10458
10472
10509
10512
10540
10561
10566
10569
10631
10643
10644
10661
10685
10714
10730
10755
10766
10769
10825
10829
10871
10903
10907
10937
10990
11046
11129
11135
11137
11157
11271
11272
11333
11401
11407
11414
11416
11461
11471
11472
11485
11503
11521
11573
11588
11611
11654
11665
11672
11681
11696
11727
11795
11812
11840
11876
11890
11900
11908
11952
11974
12003
12046
12058
12073
12078
12093
12138
12194
12199
12202
12225
12289
12327
12355
12364
12372
12373
12404
12408
12409
12476
12478
12515
12549
12568
12576
12577
12621
12629
12648
12671
12715
12754
12799
12803
12821
12835
12841
12847
12892
12901
12938
12943
12990
13010
13017
13105
13154
13177
13206
13217
13228
13288
13295
13427
13433
13487
13488
13496
13530
13567
13588
13598
13625
13627
13646
13659
13726
13760
13770
13805
13807
13831
13843
13844
13848
13857
13864
13932
13943
13944
13953
14028
14073
14160
14166
14172
14198
14209
14212
14242
14252
14268
14274
14330
14411
14433
14474
14491
14493
14510
14512
14531
14546
14563
14584
14617
14619
14648
14674
14692
14703
14719
14742
14771
14778
14786
14872
14920
14942
14967
15003
15016
15034
15068
15074
15076
15080
15130
15165
15176
15206
15278
15326
15342
15390
15395
15485
15487
15489
15500
15513
15616
15619
15640
15649
15708
15751
15761
15832
15858
15884
15895
15941
15944
15968
15993
16068
16131
16227
16233
16269
16279
16301
16338
16372
16399
16406
16426
16432
16465
16476
16499
16536
16559
16601
16604
16630
16635
16643
16697
16706
16725
16753
16787
16792
16808
16816
16831
16850
16881
16914
17006
17013
17021
17084
17085
17094
17104
17107
17110
17113
17120
17143
17242
17258
17263
17267
17298
17320
17400
17440
17458
17469
17476
17576
17605
17615
17629
17643
17692
17696
17727
17734
17744
17755
17814
17826
17860
17866
17875
17886
17903
17922
17945
17961
17981
17994
18027
18032
18038
18042
18054
18073
18078
18120
18164
18178
18254
18258
18259
18268
18271
18275
18290
18331
18374
18420
18427
18484
18499
18556
18559
18563
18615
18637
18639
18688
18727
18739
18740
18771
18789
18795
18806
18816
18836
18843
18856
18931
18944
18946
18981
18997
19022
19027
19115
19143
19145
19152
19153
19158
19233
19248
19260
19294
19324
19331
19364
19387
19400
19470
19472
19504
19519
19530
19562
19586
19595
19597
19668
19680
19710
19751
19775
19787
19794
19797
19830
19838
19889
19891
19932
19937
19960
19964
20029
20054
20062
20074
20111
20144
20170
20200
20214
20233
20285
20313
20319
20324
20326
20357
20385
20403
20406
20476
20484
20493
20508
20541
20565
20578
20602
20609
20611
20634
20639
20669
20693
20726
20738
20798
20804
20808
20838
20866
20899
20913
20925
20928
20944
20955
20967
20975
20978
20988
20999
21004
21027
21037
21043
21076
21103
21124
21135
21193
21208
21221
21243
21255
21301
21302
21303
21314
21355
21361
21404
21429
21467
21477
21488
21521
21578
21599
21616
21619
21626
21683
21714
21723
21746
21749
21756
21795
21803
21830
21846
21884
21888
21911
21933
21934
22024
22037
22042
22045
22087
22106
22221
22275
22317
22334
22362
22381
22435
22478
22498
22513
22541
22547
22556
22570
22727
22757
22759
22779
22810
22828
22874
22881
22893
22904
22924
22940
22961
22987
23013
23014
23066
23080
23084
23114
23131
23137
23164
23187
23252
23253
23267
23334
23342
23354
23369
23406
23416
23456
23483
23497
23502
23531
23559
23566
23570
23580
23596
23602
23617
23648
23711
23734
23785
23786
23791
23847
23851
23893
23909
23935
23950
23953
23957
23997
24000
24027
24029
24048
24054
24073
24115
24124
24159
24171
24175
24184
24186
24220
24222
24234
24241
24242
24262
24341
24346
24358
24384
24409
24432
24434
24454
24493
24504
24524
24535
24542
24553
24583
24589
24643
24659
24663
24664
24703
24709
24737
24741
24746
24772
24780
24789
24822
24831
24842
24855
24919
24923
24942
24950
25020
25022
25025
25048
25054
25134
25141
25160
25162
25185
25191
25204
25209
25227
25233
25253
25262
25293
25302
25305
25335
25350
25363
25368
25377
25396
25404
25453
25510
25514
25537
25558
25583
25584
25586
25590
25604
25619
25630
25640
25656
25731
25741
25809
25842
25873
25926
25936
25945
26000
26027
26032
26039
26040
26129
26150
26191
26198
26242
26246
26260
26276
26334
26377
26411
26416
26421
26434
26464
26487
26593
26600
26653
26659
26677
26697
26698
26704
26799
26830
26908
26910
26918
26976
26987
26992
26993
27017
27066
27072
27110
27160
27178
27182
27278
27299
27315
27388
27425
27434
27444
27477
27488
27508
27550
27553
27607
27660
27702
27706
27724
27812
27827
27831
27842
27852
27858
27888
27951
28007
28046
28049
28058
28073
28077
28078
28080
28092
28097
28124
28156
28191
28192
28201
28260
28338
28388
28420
28483
28485
28520
28542
28575
28585
28596
28597
28607
28617
28673
28689
28692
28810
28832
28854
28862
28872
28878
28896
28910
28912
28956
28993
29021
29050
29062
29095
29097
29143
29152
29164
29221
29228
29236
29239
29290
29299
29312
29348
29383
29418
29424
29442
29471
29498
29539
29573
29574
29588
29621
29634
29676
29703
29738
29759
29760
29785
29817
29871
29931
29947
29951
29985
30000
30053
30096
30102
30123
30151
30157
30163
30188
30200
30207
30208
30262
30278
30287
30297
30307
30355
30370
30383
30485
30504
30539
30567
30607
30609
30671
30678
30700
30702
30744
30760
30774
30837
30838
30925
30957
30970
30971
31071
31074
31117
31130
31171
31181
31212
31220
31228
31229
31255
31296
31327
31330
31332
31340
31358
31369
31410
31418
31420
31483
31495
31527
31554
31646
31653
31655
31710
31724
31793
31834
31847
31860
31896
31987
31988
31992
32001
32012
32015
32031
32072
32087
32117
32156
32179
32183
32191
32234
32236
32241
32255
32344
32363
32369
32401
32423
32443
32446
32461
32465
32476
32538
32601
32606
32710
32711
32748
32750
32754
32760
32765
32803
32841
32877
32922
32987
32994
33005
33082
33096
33129
33148
33156
33172
33203
33205
33214
33260
33262
33267
33321
33337
33371
33396
33404
33464
33513
33541
33565
33566
33569
33603
33615
33656
33718
33743
33831
33842
33850
33853
33864
33865
33928
33947
33964
33988
34048
34054
34090
34111
34116
34174
34196
34251
34294
34301
34316
34318
34333
34353
34406
34418
34424
34449
34460
34470
34486
34488
34540
34607
34638
34642
34674
34678
34688
34721
34724
34740
34742
34761
34764
34769
34783
34826
34855
34884
34924
35026
35032
35072
35083
35093
35094
35142
35153
35155
35164
35166
35172
35209
35231
35237
35268
35295
35303
35316
35317
35422
35448
35464
35524
35527
35530
35570
35613
35666
35708
35769
35777
35829
35860
35876
35953
35955
35977
36010
36024
36036
36055
36081
36105
36107
36134
36165
36181
36203
36228
36240
36323
36335
36349
36368
36370
36378
36390
36423
36456
36462
36517
36533
36545
36562
36602
36616
36623
36643
36649
36674
36697
36718
36795
36805
36842
36870
36886
36888
36918
36943
36952
36960
36968
36971
36972
36997
37016
37036
37111
37136
37252
37256
37276
37296
37312
37328
37331
37346
37362
37365
37393
37419
37474
37476
37478
37502
37541
37572
37577
37583
37658
37685
37691
37708
37732
37807
37842
37858
37865
37897
37935
37942
37957
37999
38008
38020
38029
38076
38093
38133
38135
38149
38153
38219
38238
38258
38278
38284
38371
38377
38394
38406
38432
38459
38460
38465
38499
38507
38514
38532
38537
38542
38543
38551
38613
38617
38624
38721
38766
38797
38799
38834
38836
38885
38905
38947
39037
39056
39068
39102
39107
39112
39173
39239
39246
39264
39295
39304
39305
39319
39325
39336
39343
39364
39370
39457
39462
39484
39494
39554
39581
39601
39613
39634
39653
39680
39712
39719
39761
39765
39779
39822
39852
39925
39952
39972
39985
40007
40093
40132
40204
40211
40216
40241
40269
40292
40306
40345
40407
40429
40440
40448
40459
40472
40491
40499
40510
40511
40523
40539
40541
40551
40556
40563
40565
40577
40587
40597
40638
40647
40667
40681
40709
40749
40784
40792
40816
40817
40834
40847
40853
40854
40890
40930
40956
40972
40986
41027
41053
41058
41067
41075
41090
41098
41147
41168
41179
41184
41190
41198
41208
41234
41255
41267
41271
41282
41306
41310
41328
41344
41384
41464
41475
41479
41508
41541
41545
41556
41563
41590
41604
41613
41637
41638
41667
41702
41747
41751
41823
41845
41865
41891
41921
41925
41931
41944
41965
41991
42014
42021
42055
42142
42177
42213
42246
42302
42331
42338
42363
42388
42396
42399
42414
42422
42457
42482
42513
42527
42528
42529
42563
42572
42601
42643
42644
42661
42667
42699
42728
42739
42747
42751
42766
42770
42775
42886
42891
42963
42966
42976
43003
43052
43139
43142
43145
43147
43157
43229
43244
43288
43356
43362
43428
43436
43477
43484
43500
43515
43543
43547
43561
43567
43572
43586
43600
43640
43748
43784
43807
43817
43831
43835
43846
43849
43878
43893
43905
43907
43915
43944
44029
44036
44061
44100
44126
44135
44139
44147
44148
44164
44179
44184
44213
44236
44238
44265
44275
44318
44321
44360
44365
44469
44482
44483
44501
44571
44595
44608
44614
44633
44636
44664
44733
44792
44811
44907
44917
44940
44977
44978
45000
45067
45103
45116
45145
45154
45214
45223
45245
45349
45357
45359
45373
45415
45509
45522
45569
45574
45595
45626
45634
45724
45725
45771
45800
45834
45835
45851
45865
45920
45931
45944
45968
45980
46003
46016
46023
46068
46074
46086
46140
46179
46249
46305
46331
46336
46337
46345
46367
46405
46424
46469
46482
46489
46493
46494
46508
46551
46587
46594
46619
46622
46649
46671
46695
46709
46736
46766
46804
46821
46870
46927
46929
46931
46971
46972
46977
47080
47088
47103
47114
47170
47226
47239
47250
47254
47258
47298
47308
47323
47338
47351
47368
47377
47400
47410
47412
47466
47471
47479
47486
47528
47572
47643
47689
47757
47789
47805
47820
47825
47828
47834
47860
47890
47903
47905
47917
47923
47940
47981
48043
48073
48101
48103
48104
48109
48130
48135
48149
48189
48192
48278
48279
48299
48342
48397
48418
48421
48428
48449
48458
48467
48473
48484
48505
48571
48613
48620
48682
48694
48734
48735
48815
48828
48871
48877
48885
48886
48889
48911
48957
48974
48994
49001
49017
49041
49053
49117
49123
49151
49174
49180
49205
49218
49226
49258
49270
49272
49311
49348
49369
49410
49413
49423
49427
49486
49499
49504
49566
49596
49643
49645
49667
49729
49747
49821
49824
49877
49922
49924
49938
49967
49974
49992
49994
49995
50014
50109
50118
50120
50195
50232
50303
50320
50373
50407
50417
50427
50451
50460
50463
50467
50503
50559
50564
50571
50575
50629
50633
50644
50651
50680
50699
50735
50747
50767
50797
50798
50800
50841
50853
50862
50956
50964
50966
50989
50993
50998
51036
51041
51047
51057
51077
51086
51102
51118
51149
51203
51206
51213
51229
51305
51344
51351
51366
51378
51393
51433
51471
51494
51507
51536
51554
51583
51614
51618
51647
51651
51666
51724
51733
51742
51769
51788
51806
51835
51842
51870
52041
52050
52062
52079
52087
52123
52128
52199
52319
52355
52422
52457
52497
52542
52575
52576
52586
52587
52600
52658
52668
52696
52724
52728
52729
52758
52769
52773
52787
52791
52800
52806
52841
52867
52870
52879
52967
52976
52979
52993
52996
53020
53053
53064
53070
53140
53163
53253
53255
53287
53290
53309
53310
53314
53324
53335
53348
53370
53380
53448
53463
53481
53486
53531
53560
53580
53583
53616
53658
53674
53733
53801
53808
53823
53855
53881
53883
53892
53913
53931
53962
53967
53981
53985
53995
53997
54002
54006
54008
54083
54110
54136
54143
54147
54156
54162
54167
54207
54213
54217
54272
54330
54338
54343
54347
54349
54361
54362
54399
54444
54451
54454
54462
54463
54476
54530
54587
54596
54611
54619
54620
54699
54721
54726
54751
54753
54777
54797
54855
54857
54872
54873
54922
54938
54947
54969
54979
55077
55079
55122
55147
55158
55226
55229
55247
55295
55326
55352
55401
55422
55432
55467
55488
55499
55606
55680
55689
55738
55745
55748
55749
55828
55841
55905
55914
55986
55992
56001
56030
56047
56115
56145
56147
56204
56281
56290
56304
56318
56332
56372
56394
56410
56431
56456
56475
56477
56529
56589
56599
56639
56649
56672
56735
56740
56742
56747
56754
56756
56776
56868
56876
56906
56913
56921
56924
56987
56991
57068
57073
57112
57137
57142
57173
57216
57233
57253
57255
57260
57271
57311
57315
57378
57389
57400
57402
57419
57435
57436
57443
57478
57497
57510
57529
57537
57539
57554
57572
57609
57612
57688
57703
57711
57713
57728
57746
57750
57761
57776
57794
57799
57803
57822
57840
57846
57868
57871
57884
57890
57901
57925
57962
57982
58014
58025
58041
58055
58065
58107
58123
58151
58166
58229
58244
58256
58282
58287
58292
58310
58312
58331
58340
58344
58405
58407
58440
58444
58445
58451
58457
58470
58477
58504
58515
58518
58523
58541
58557
58584
58593
58596
58609
58649
58666
58696
58702
58714
58726
58740
58790
58827
58895
58897
58922
58937
58953
59088
59120
59199
59226
59228
59238
59288
59304
59371
59373
59425
59431
59472
59475
59477
59502
59510
59574
59602
59603
59611
59616
59655
59668
59673
59679
59709
59732
59742
59751
59778
59798
59832
59853
59854
59919
59950
59962
59984
