26
143
159
174
178
190
215
232
276
289
327
343
344
345
353
356
368
377
383
389
412
441
443
447
460
499
503
630
646
648
651
659
713
720
722
736
740
768
789
852
855
867
882
889
891
929
964
977
991
999
1001
1007
1030
1044
1056
1079
1097
1113
1157
1158
1161
1243
1273
1290
1349
1379
1382
1384
1392
1403
1416
1449
1450
1508
1534
1542
1654
1671
1680
1709
1758
1789
1795
1930
1979
2007
2045
2095
2108
2113
2119
2126
2198
2222
2255
2263
2265
2293
2337
2372
2420
2433
2464
2489
2516
2526
2533
2542
2551
2561
2575
2595
2600
2681
2712
2769
2834
2878
2888
2919
2920
2930
2933
3012
3018
3028
3039
3046
3047
3049
3107
3133
3170
3180
3190
3192
3211
3231
3252
3263
3278
3289
3306
3330
3353
3357
3395
3397
3423
3428
3438
3441
3498
3546
3554
3562
3572
3577
3600
3609
3617
3648
3660
3717
3783
3798
3815
3817
3825
3857
3908
3925
3940
3953
3956
3958
3988
4015
4019
4036
4074
4086
4090
4101
4135
4139
4140
4161
4182
4184
4193
4274
4275
4295
4333
4377
4394
4460
4493
4500
4509
4543
4587
4589
4595
4604
4613
4614
4621
4639
4683
4685
4759
4761
4774
4779
4782
4807
4850
4902
4943
4950
5016
5100
5117
5136
5151
5169
5235
5294
5297
5304
5319
5357
5383
5393
5398
5423
5513
5515
5528
5563
5589
5592
5633
5679
5742
5752
5780
5826
5827
5831
5850
5861
5862
5901
5913
5971
5979
6034
6066
6080
6137
6190
6191
6201
6218
6230
6240
6294
6298
6351
6358
6377
6403
6486
6505
6513
6527
6534
6538
6594
6601
6622
6682
6705
6712
6713
6757
6769
6866
6869
6884
6926
6927
6933
6954
6991
7002
7005
7011
7017
7050
7066
7077
7095
7164
7184
7306
7307
7357
7362
7371
7391
7409
7410
7415
7424
7434
7435
7513
7537
7560
7588
7605
7622
7685
7689
7742
7827
7883
7912
7933
7941
7993
8072
8081
8115
8116
8172
8173
8202
8245
8262
8294
8308
8309
8330
8340
8355
8372
8441
8462
8469
8511
8520
8526
8603
8607
8646
8723
8740
8745
8816
8846
8847
8871
8876
8897
8935
8943
8958
8960
9013
9129
9159
9170
9177
9186
9244
9254
9302
9307
9320
9335
9359
9367
9387
9393
9395
9406
9412
9413
9472
9536
9546
9590
9609
9615
9660
9666
9675
9679
9688
9734
9739
9765
9810
9815
9838
9840
9890
9929
9931
9951
9953
9963
10003
10012
10047
10072
10106
10109
10122
10172
10173
10262
10284
10303
10322
10338
10346
10363
10380
10390
10436
10450
10474
10488
10492
10505
10551
10592
10595
10619
10623
10639
10646
10655
10665
10687
10718
10756
10783
10793
10799
10806
10873
10881
10915
10954
10976
11013
11014
11025
11069
11080
11124
11153
11165
11175
11187
11197
11204
11231
11233
11234
11292
11348
11351
11386
11397
11462
11469
11475
11498
11514
11523
11566
11625
11702
11706
11725
11747
11756
11809
11828
11874
11910
11957
11964
11988
12013
12022
12023
12027
12080
12127
12133
12168
12179
12192
12208
12271
12276
12285
12302
12345
12368
12392
12439
12446
12453
12460
12477
12480
12487
12493
12498
12531
12551
12558
12581
12662
12666
12669
12677
12680
12690
12739
12748
12813
12820
12844
12850
12853
12877
12886
12896
12922
12960
12973
13007
13047
13057
13065
13079
13124
13144
13153
13155
13181
13183
13212
13216
13237
13238
13274
13279
13281
13291
13305
13318
13346
13352
13362
13391
13398
13407
13413
13430
13431
13527
13551
13582
13587
13626
13658
13764
13786
13821
13858
13910
13934
13940
13947
13996
14014
14038
14099
14119
14142
14158
14161
14162
14186
14194
14207
14238
14245
14266
14325
14345
14414
14417
14471
14486
14564
14597
14601
14693
14698
14722
14759
14846
14859
14892
14904
14951
14952
15011
15012
15015
15017
15023
15060
15063
15083
15144
15188
15204
15244
15305
15306
15309
15321
15332
15347
15351
15357
15367
15403
15445
15479
15508
15541
15556
15559
15566
15572
15588
15600
15741
15745
15772
15784
15800
15840
15851
15865
15871
15899
15905
15928
15967
15975
15977
15980
15986
15998
16004
16005
16014
16075
16079
16104
16107
16165
16210
16223
16273
16283
16298
16315
16330
16334
16337
16350
16354
16364
16369
16392
16402
16410
16436
16444
16473
16492
16551
16566
16580
16608
16641
16654
16708
16712
16727
16739
16766
16782
16795
16828
16829
16859
16868
16884
16951
16962
16997
17005
17047
17086
17091
17134
17168
17181
17196
17201
17214
17219
17245
17249
17254
17256
17323
17325
17370
17371
17374
17420
17424
17427
17435
17489
17558
17571
17655
17688
17745
17773
17789
17793
17824
17828
17935
17940
17972
17983
18070
18077
18088
18097
18109
18134
18137
18299
18306
18322
18327
18365
18377
18403
18416
18426
18495
18509
18514
18569
18590
18685
18706
18743
18748
18769
18803
18822
18825
18898
18953
18959
18962
19067
19075
19082
19128
19165
19175
19176
19188
19227
19268
19270
19274
19309
19321
19429
19445
19463
19518
19523
19566
19589
19605
19637
19646
19653
19657
19718
19738
19757
19767
19771
19840
19851
19871
19992
20012
20021
20032
20033
20048
20069
20070
20106
20117
20157
20183
20217
20234
20274
20276
20294
20302
20314
20328
20342
20349
20392
20421
20441
20448
20471
20482
20511
20532
20533
20548
20558
20566
20581
20590
20600
20605
20627
20686
20705
20739
20766
20772
20787
20801
20849
20861
20864
20871
20873
20906
20937
20943
20954
20956
20982
21010
21042
21068
21070
21101
21115
21137
21151
21172
21220
21242
21256
21268
21290
21315
21338
21380
21386
21409
21420
21434
21471
21480
21485
21509
21538
21563
21636
21692
21696
21708
21779
21791
21859
21918
21920
21932
21946
21962
21968
21973
22004
22034
22052
22096
22141
22155
22158
22209
22230
22244
22265
22273
22300
22330
22341
22374
22392
22401
22432
22474
22491
22509
22510
22579
22616
22656
22661
22668
22682
22698
22735
22760
22770
22802
22826
22872
22883
22950
22967
22978
22982
23005
23011
23020
23034
23037
23039
23051
23078
23103
23152
23163
23213
23225
23243
23263
23264
23265
23271
23298
23309
23346
23350
23367
23388
23404
23414
23420
23421
23430
23440
23442
23461
23466
23472
23475
23498
23510
23519
23539
23597
23616
23623
23644
23668
23669
23682
23701
23710
23748
23789
23792
23806
23811
23825
23913
23922
23996
24033
24034
24125
24155
24164
24245
24283
24295
24299
24302
24345
24353
24375
24420
24423
24452
24468
24485
24538
24547
24565
24568
24587
24599
24619
24630
24769
24792
24796
24817
24832
24849
24868
24879
24885
24921
24947
24953
25012
25021
25036
25130
25131
25137
25149
25152
25203
25213
25230
25231
25239
25259
25290
25297
25306
25392
25425
25433
25441
25450
25457
25476
25487
25493
25506
25542
25638
25670
25697
25722
25877
25882
25917
25933
25944
25953
25958
26046
26056
26076
26102
26108
26175
26177
26224
26292
26326
26353
26365
26383
26394
26422
26489
26510
26523
26555
26565
26609
26648
26676
26699
26785
26791
26847
26863
26885
26929
26931
26973
27018
27039
27040
27051
27055
27060
27085
27097
27104
27126
27148
27149
27198
27213
27215
27261
27286
27386
27411
27416
27431
27439
27462
27484
27525
27556
27562
27639
27646
27713
27728
27734
27741
27771
27839
27876
27918
27961
27986
27995
28012
28020
28032
28050
28056
28081
28114
28117
28122
28171
28188
28210
28230
28235
28296
28315
28324
28335
28341
28416
28451
28459
28474
28484
28619
28686
28734
28768
28774
28778
28809
28825
28834
28888
28889
28892
28920
29033
29043
29093
29099
29139
29147
29176
29212
29219
29226
29263
29343
29350
29356
29389
29398
29431
29478
29540
29559
29579
29581
29606
29637
29656
29715
29751
29756
29787
29815
29843
29854
29864
29905
29918
29948
29961
29997
30006
30020
30059
30104
30127
30138
30169
30183
30195
30214
30217
30229
30244
30246
30251
30264
30313
30322
30333
30337
30361
30426
30443
30483
30563
30565
30571
30573
30577
30579
30615
30620
30640
30654
30754
30783
30802
30839
31016
31019
31020
31061
31067
31114
31139
31161
31177
31187
31267
31280
31285
31325
31337
31359
31365
31368
31377
31379
31381
31414
31480
31503
31513
31517
31540
31541
31579
31618
31642
31645
31648
31706
31720
31740
31756
31757
31797
31857
31873
31897
31910
31917
31925
31951
31968
32025
32040
32047
32048
32070
32115
32137
32144
32158
32247
32292
32300
32301
32340
32342
32354
32380
32414
32424
32447
32468
32480
32496
32513
32541
32549
32566
32575
32585
32590
32599
32646
32655
32677
32685
32697
32708
32720
32728
32734
32752
32758
32780
32798
32815
32850
32858
32867
32874
32885
32945
32997
33037
33106
33166
33173
33187
33230
33249
33255
33307
33363
33428
33453
33478
33497
33502
33527
33562
33567
33586
33598
33638
33644
33675
33682
33713
33733
33736
33737
33773
33786
33859
33911
33912
33932
33954
33971
33997
34014
34034
34066
34073
34083
34106
34141
34164
34175
34195
34200
34256
34270
34375
34377
34387
34445
34458
34467
34469
34471
34472
34494
34520
34531
34543
34560
34585
34613
34639
34646
34667
34669
34671
34677
34681
34693
34738
34758
34760
34789
34813
34823
34864
34978
35015
35100
35139
35215
35265
35267
35270
35286
35304
35328
35332
35336
35340
35408
35460
35476
35523
35574
35582
35595
35632
35643
35672
35674
35677
35692
35705
35707
35713
35714
35760
35838
35855
35865
35880
35892
35894
35939
35950
35969
35976
35997
36004
36013
36118
36129
36133
36136
36188
36192
36206
36229
36243
36270
36277
36293
36300
36329
36360
36376
36400
36450
36467
36475
36530
36554
36580
36605
36629
36652
36677
36687
36729
36794
36797
36854
36894
36906
36915
36926
36953
36961
36964
36967
36969
36978
36998
37014
37024
37033
37072
37074
37081
37128
37139
37142
37170
37175
37181
37184
37202
37221
37233
37244
37246
37251
37259
37267
37277
37307
37348
37423
37436
37440
37455
37459
37469
37480
37546
37567
37569
37597
37614
37631
37637
37673
37680
37733
37740
37753
37768
37841
37867
37881
37909
37915
37977
37987
38010
38067
38112
38120
38134
38179
38202
38250
38257
38261
38266
38275
38397
38416
38430
38434
38451
38485
38487
38490
38517
38530
38535
38538
38546
38550
38553
38580
38612
38615
38621
38652
38664
38671
38705
38711
38713
38744
38775
38788
38804
38823
38907
38946
38965
38995
39028
39030
39035
39083
39099
39122
39138
39141
39203
39260
39267
39269
39278
39302
39308
39349
39357
39377
39392
39404
39409
39476
39478
39512
39525
39587
39589
39611
39617
39685
39701
39709
39720
39743
39770
39791
39793
39794
39806
39820
39831
39832
39884
39901
40002
40043
40110
40183
40184
40209
40321
40331
40362
40375
40400
40509
40520
40533
40549
40590
40598
40617
40628
40633
40639
40676
40693
40790
40815
40823
40826
40871
40891
40942
40950
40952
40984
40985
41034
41062
41076
41095
41117
41129
41133
41134
41178
41193
41257
41280
41308
41311
41322
41323
41364
41376
41394
41418
41455
41473
41491
41493
41547
41560
41610
41612
41628
41644
41680
41687
41699
41713
41730
41753
41761
41789
41791
41822
41840
41893
41910
41917
41932
41945
41948
41954
41987
41989
41993
42002
42031
42085
42090
42097
42134
42148
42171
42179
42186
42190
42225
42258
42307
42343
42365
42369
42394
42427
42454
42524
42597
42620
42668
42706
42718
42724
42800
42893
42934
42977
42981
43031
43033
43034
43074
43088
43091
43106
43194
43245
43246
43252
43325
43370
43372
43375
43429
43433
43449
43520
43526
43540
43545
43568
43573
43647
43662
43676
43678
43698
43715
43744
43747
43764
43790
43890
43902
43908
43911
43923
43936
43961
43963
43970
44011
44053
44076
44082
44111
44113
44114
44123
44129
44154
44186
44189
44191
44239
44246
44262
44281
44295
44317
44341
44375
44410
44438
44465
44488
44492
44516
44518
44539
44588
44590
44685
44727
44746
44757
44767
44819
44841
44850
44881
44938
44971
44991
45032
45043
45055
45075
45120
45133
45148
45156
45208
45219
45278
45297
45323
45326
45352
45364
45388
45449
45467
45478
45489
45559
45588
45656
45694
45702
45759
45796
45806
45813
45854
45874
45891
45904
45911
45936
45964
45967
45970
45975
45986
45998
46030
46052
46142
46151
46162
46170
46200
46238
46291
46329
46339
46359
46413
46439
46442
46445
46447
46475
46505
46506
46536
46596
46600
46639
46643
46657
46691
46730
46732
46791
46793
46808
46813
46843
46850
46852
46892
46900
46919
46922
46957
46958
46984
47007
47016
47027
47059
47115
47127
47130
47139
47140
47144
47164
47198
47227
47243
47275
47318
47337
47353
47359
47374
47405
47435
47462
47581
47614
47623
47624
47637
47658
47678
47680
47704
47708
47711
47719
47799
47931
47949
47969
48000
48038
48077
48084
48088
48095
48107
48121
48133
48147
48150
48153
48162
48173
48232
48242
48245
48253
48254
48290
48319
48325
48408
48422
48430
48440
48456
48470
48471
48472
48481
48482
48531
48545
48589
48674
48680
48697
48698
48717
48720
48757
48795
48802
48804
48820
48829
48910
48950
48955
49019
49021
49022
49088
49175
49257
49264
49291
49334
49338
49419
49441
49482
49493
49515
49531
49547
49553
49595
49622
49662
49663
49713
49721
49723
49730
49742
49755
49797
49841
49893
49915
49918
49932
50010
50016
50039
50048
50076
50082
50093
50112
50151
50163
50211
50214
50254
50274
50286
50322
50327
50330
50346
50367
50399
50408
50475
50477
50500
50522
50524
50539
50548
50581
50582
50594
50602
50639
50701
50749
50769
50778
50783
50791
50868
50871
50873
50893
50928
50933
50955
50980
51052
51104
51105
51112
51182
51189
51195
51199
51215
51247
51253
51277
51391
51410
51414
51426
51505
51509
51533
51547
51559
51578
51607
51638
51691
51693
51731
51762
51809
51821
51830
51844
51876
51878
51894
51914
51917
51959
51996
52036
52047
52099
52110
52115
52116
52151
52158
52161
52183
52206
52211
52215
52245
52264
52275
52277
52314
52331
52382
52385
52389
52418
52419
52462
52472
52482
52510
52527
52531
52606
52628
52629
52637
52644
52686
52702
52708
52739
52748
52754
52759
52793
52815
52839
52856
52895
52941
52974
52981
52983
53001
53007
53056
53100
53111
53125
53144
53148
53169
53192
53212
53213
53220
53237
53254
53267
53276
53312
53315
53334
53338
53362
53384
53388
53445
53456
53665
53698
53741
53772
53822
53846
53879
53880
53882
53918
53963
53969
53980
53998
54005
54057
54072
54102
54104
54215
54242
54261
54283
54294
54311
54379
54485
54486
54505
54522
54578
54589
54621
54634
54664
54708
54731
54779
54780
54804
54809
54816
54822
54831
54876
54891
54930
54939
54968
54991
55009
55038
55246
55258
55304
55308
55324
55393
55410
55477
55485
55492
55508
55514
55543
55584
55619
55638
55684
55769
55770
55792
55829
55832
55922
56025
56036
56059
56062
56069
56071
56104
56120
56140
56141
56246
56287
56288
56378
56406
56444
56516
56539
56548
56807
56817
56888
56898
56900
56998
57010
57036
57064
57099
57114
57184
57197
57199
57276
57312
57349
57357
57366
57370
57464
57494
57513
57528
57536
57550
57610
57689
57784
57816
57828
57869
57938
57953
57954
57991
57995
57998
58049
58096
58106
58129
58170
58216
58236
58246
58269
58284
58339
58351
58358
58359
58462
58493
58524
58573
58578
58616
58682
58700
58718
58729
58759
58800
58802
58809
58810
58831
58852
58856
58860
58864
58871
58923
59006
59007
59011
59024
59036
59043
59052
59080
59103
59124
59136
59157
59255
59262
59264
59268
59271
59290
59293
59309
59353
59354
59368
59374
59447
59454
59457
59463
59479
59481
59496
59504
59524
59530
59540
59556
59563
59564
59581
59588
59601
59633
59638
59643
59657
59684
59708
59719
59762
59774
59780
59788
59792
59865
59868
59876
59973
