NODE	IN_LINK	OUT_LINK	IN_LOW	IN_HIGH	OUT_LOW	OUT_HIGH	TYPE	PENALTY	SPEED	CAPACITY
1	11	1	1	1	1	1	THRU	0	0	0
1	11	1	2	2	2	2	THRU	0	0	0
1	1	11	1	1	1	1	THRU	0	0	0
1	1	11	2	2	2	2	THRU	0	0	0
2	12	2	1	1	1	1	LEFT	0	0	0
2	12	2	2	2	2	2	LEFT	0	0	0
2	12	1	2	2	1	1	RIGHT	0	0	0
2	12	1	2	2	2	2	RIGHT	0	0	0
2	2	1	1	1	1	1	THRU	0	0	0
2	2	1	2	2	2	2	THRU	0	0	0
2	2	12	2	2	1	1	RIGHT	0	0	0
2	2	12	2	2	2	2	RIGHT	0	0	0
2	1	12	1	1	1	1	LEFT	0	0	0
2	1	12	1	1	2	2	LEFT	0	0	0
2	1	2	1	1	1	1	THRU	0	0	0
2	1	2	2	2	2	2	THRU	0	0	0
3	13	3	1	1	1	1	LEFT	0	0	0
3	13	3	2	2	2	2	LEFT	0	0	0
3	13	3	3	3	2	2	LEFT	0	0	0
3	13	2	3	3	1	1	RIGHT	0	0	0
3	13	2	4	4	2	2	RIGHT	0	0	0
3	3	2	1	1	1	1	THRU	0	0	0
3	3	2	2	2	2	2	THRU	0	0	0
3	3	13	2	2	3	3	RIGHT	0	0	0
3	3	13	2	2	4	4	RIGHT	0	0	0
3	2	13	1	1	1	1	LEFT	0	0	0
3	2	13	1	1	2	2	LEFT	0	0	0
3	2	3	1	1	1	1	THRU	0	0	0
3	2	3	2	2	2	2	THRU	0	0	0
4	14	4	1	1	1	1	LEFT	0	0	0
4	14	4	2	2	2	2	LEFT	0	0	0
4	14	3	2	2	1	1	RIGHT	0	0	0
4	14	3	2	2	2	2	RIGHT	0	0	0
4	4	3	1	1	1	1	THRU	0	0	0
4	4	3	2	2	2	2	THRU	0	0	0
4	4	14	2	2	1	1	RIGHT	0	0	0
4	4	14	2	2	2	2	RIGHT	0	0	0
4	3	14	1	1	1	1	LEFT	0	0	0
4	3	14	1	1	2	2	LEFT	0	0	0
4	3	4	1	1	1	1	THRU	0	0	0
4	3	4	2	2	2	2	THRU	0	0	0
5	15	5	1	1	1	1	LEFT	0	0	0
5	15	5	2	2	2	2	LEFT	0	0	0
5	15	4	2	2	1	1	RIGHT	0	0	0
5	15	4	2	2	2	2	RIGHT	0	0	0
5	5	4	1	1	1	1	THRU	0	0	0
5	5	4	2	2	2	2	THRU	0	0	0
5	5	15	2	2	1	1	RIGHT	0	0	0
5	5	15	2	2	2	2	RIGHT	0	0	0
5	4	15	1	1	1	1	LEFT	0	0	0
5	4	15	1	1	2	2	LEFT	0	0	0
5	4	5	1	1	1	1	THRU	0	0	0
5	4	5	2	2	2	2	THRU	0	0	0
6	16	6	1	1	1	1	LEFT	0	0	0
6	16	6	2	2	2	2	LEFT	0	0	0
6	16	6	3	3	2	2	LEFT	0	0	0
6	16	5	3	3	1	1	RIGHT	0	0	0
6	16	5	4	4	2	2	RIGHT	0	0	0
6	6	5	1	1	1	1	THRU	0	0	0
6	6	5	2	2	2	2	THRU	0	0	0
6	6	16	2	2	3	3	RIGHT	0	0	0
6	6	16	2	2	4	4	RIGHT	0	0	0
6	5	16	1	1	1	1	LEFT	0	0	0
6	5	16	1	1	2	2	LEFT	0	0	0
6	5	6	1	1	1	1	THRU	0	0	0
6	5	6	2	2	2	2	THRU	0	0	0
7	17	7	1	1	1	1	LEFT	0	0	0
7	17	7	2	2	2	2	LEFT	0	0	0
7	17	6	2	2	1	1	RIGHT	0	0	0
7	17	6	2	2	2	2	RIGHT	0	0	0
7	7	6	1	1	1	1	THRU	0	0	0
7	7	6	2	2	2	2	THRU	0	0	0
7	7	17	2	2	1	1	RIGHT	0	0	0
7	7	17	2	2	2	2	RIGHT	0	0	0
7	6	17	1	1	1	1	LEFT	0	0	0
7	6	17	1	1	2	2	LEFT	0	0	0
7	6	7	1	1	1	1	THRU	0	0	0
7	6	7	2	2	2	2	THRU	0	0	0
8	18	8	1	1	1	1	LEFT	0	0	0
8	18	8	2	2	2	2	LEFT	0	0	0
8	18	7	2	2	1	1	RIGHT	0	0	0
8	18	7	2	2	2	2	RIGHT	0	0	0
8	8	7	1	1	1	1	THRU	0	0	0
8	8	7	2	2	2	2	THRU	0	0	0
8	8	18	2	2	1	1	RIGHT	0	0	0
8	8	18	2	2	2	2	RIGHT	0	0	0
8	7	18	1	1	1	1	LEFT	0	0	0
8	7	18	1	1	2	2	LEFT	0	0	0
8	7	8	1	1	1	1	THRU	0	0	0
8	7	8	2	2	2	2	THRU	0	0	0
9	19	9	1	1	1	1	LEFT	0	0	0
9	19	9	2	2	2	2	LEFT	0	0	0
9	19	9	3	3	2	2	LEFT	0	0	0
9	19	8	3	3	1	1	RIGHT	0	0	0
9	19	8	4	4	2	2	RIGHT	0	0	0
9	9	8	1	1	1	1	THRU	0	0	0
9	9	8	2	2	2	2	THRU	0	0	0
9	9	19	2	2	3	3	RIGHT	0	0	0
9	9	19	2	2	4	4	RIGHT	0	0	0
9	8	19	1	1	1	1	LEFT	0	0	0
9	8	19	1	1	2	2	LEFT	0	0	0
9	8	9	1	1	1	1	THRU	0	0	0
9	8	9	2	2	2	2	THRU	0	0	0
10	20	10	1	1	1	1	LEFT	0	0	0
10	20	10	2	2	2	2	LEFT	0	0	0
10	20	9	2	2	1	1	RIGHT	0	0	0
10	20	9	2	2	2	2	RIGHT	0	0	0
10	10	9	1	1	1	1	THRU	0	0	0
10	10	9	2	2	2	2	THRU	0	0	0
10	10	20	2	2	1	1	RIGHT	0	0	0
10	10	20	2	2	2	2	RIGHT	0	0	0
10	9	20	1	1	1	1	LEFT	0	0	0
10	9	20	1	1	2	2	LEFT	0	0	0
10	9	10	1	1	1	1	THRU	0	0	0
10	9	10	2	2	2	2	THRU	0	0	0
11	21	10	1	1	1	1	THRU	0	0	0
11	21	10	2	2	2	2	THRU	0	0	0
11	10	21	1	1	1	1	THRU	0	0	0
11	10	21	2	2	2	2	THRU	0	0	0
12	32	22	1	1	1	1	LEFT	0	0	0
12	32	22	1	1	2	2	LEFT	0	0	0
12	32	11	1	1	1	1	THRU	0	0	0
12	32	11	2	2	2	2	THRU	0	0	0
12	22	11	1	1	1	1	LEFT	0	0	0
12	22	11	2	2	2	2	LEFT	0	0	0
12	22	32	2	2	1	1	RIGHT	0	0	0
12	22	32	2	2	2	2	RIGHT	0	0	0
12	11	32	1	1	1	1	THRU	0	0	0
12	11	32	2	2	2	2	THRU	0	0	0
12	11	22	2	2	1	1	RIGHT	0	0	0
12	11	22	2	2	2	2	RIGHT	0	0	0
13	33	23	1	1	1	1	LEFT	0	0	0
13	33	23	1	1	2	2	LEFT	0	0	0
13	33	12	1	1	1	1	THRU	0	0	0
13	33	12	2	2	2	2	THRU	0	0	0
13	33	22	2	2	1	1	RIGHT	0	0	0
13	33	22	2	2	2	2	RIGHT	0	0	0
13	23	12	1	1	1	1	LEFT	0	0	0
13	23	12	1	1	2	2	LEFT	0	0	0
13	23	22	1	1	1	1	THRU	0	0	0
13	23	22	2	2	2	2	THRU	0	0	0
13	23	33	2	2	1	1	RIGHT	0	0	0
13	23	33	2	2	2	2	RIGHT	0	0	0
13	22	33	1	1	1	1	LEFT	0	0	0
13	22	33	1	1	2	2	LEFT	0	0	0
13	22	23	1	1	1	1	THRU	0	0	0
13	22	23	2	2	2	2	THRU	0	0	0
13	22	12	2	2	1	1	RIGHT	0	0	0
13	22	12	2	2	2	2	RIGHT	0	0	0
13	12	22	1	1	1	1	LEFT	0	0	0
13	12	22	1	1	2	2	LEFT	0	0	0
13	12	33	1	1	1	1	THRU	0	0	0
13	12	33	2	2	2	2	THRU	0	0	0
13	12	23	2	2	1	1	RIGHT	0	0	0
13	12	23	2	2	2	2	RIGHT	0	0	0
14	34	24	1	1	1	1	LEFT	0	0	0
14	34	24	1	1	2	2	LEFT	0	0	0
14	34	13	1	1	1	1	THRU	0	0	0
14	34	13	2	2	2	2	THRU	0	0	0
14	34	13	3	3	3	3	THRU	0	0	0
14	34	13	4	4	4	4	THRU	0	0	0
14	34	23	4	4	1	1	RIGHT	0	0	0
14	34	23	4	4	2	2	RIGHT	0	0	0
14	24	13	1	1	1	1	LEFT	0	0	0
14	24	13	1	1	2	2	LEFT	0	0	0
14	24	23	1	1	1	1	THRU	0	0	0
14	24	23	2	2	2	2	THRU	0	0	0
14	24	34	2	2	3	3	RIGHT	0	0	0
14	24	34	2	2	4	4	RIGHT	0	0	0
14	23	34	1	1	1	1	LEFT	0	0	0
14	23	34	1	1	2	2	LEFT	0	0	0
14	23	24	1	1	1	1	THRU	0	0	0
14	23	24	2	2	2	2	THRU	0	0	0
14	23	13	2	2	3	3	RIGHT	0	0	0
14	23	13	2	2	4	4	RIGHT	0	0	0
14	13	23	1	1	1	1	LEFT	0	0	0
14	13	23	1	1	2	2	LEFT	0	0	0
14	13	34	1	1	1	1	THRU	0	0	0
14	13	34	2	2	2	2	THRU	0	0	0
14	13	34	3	3	3	3	THRU	0	0	0
14	13	34	4	4	4	4	THRU	0	0	0
14	13	24	4	4	1	1	RIGHT	0	0	0
14	13	24	4	4	2	2	RIGHT	0	0	0
15	35	25	1	1	1	1	LEFT	0	0	0
15	35	25	1	1	2	2	LEFT	0	0	0
15	35	14	1	1	1	1	THRU	0	0	0
15	35	14	2	2	2	2	THRU	0	0	0
15	35	24	2	2	1	1	RIGHT	0	0	0
15	35	24	2	2	2	2	RIGHT	0	0	0
15	25	14	1	1	1	1	LEFT	0	0	0
15	25	14	1	1	2	2	LEFT	0	0	0
15	25	24	1	1	1	1	THRU	0	0	0
15	25	24	2	2	2	2	THRU	0	0	0
15	25	35	2	2	1	1	RIGHT	0	0	0
15	25	35	2	2	2	2	RIGHT	0	0	0
15	24	35	1	1	1	1	LEFT	0	0	0
15	24	35	1	1	2	2	LEFT	0	0	0
15	24	25	1	1	1	1	THRU	0	0	0
15	24	25	2	2	2	2	THRU	0	0	0
15	24	14	2	2	1	1	RIGHT	0	0	0
15	24	14	2	2	2	2	RIGHT	0	0	0
15	14	24	1	1	1	1	LEFT	0	0	0
15	14	24	1	1	2	2	LEFT	0	0	0
15	14	35	1	1	1	1	THRU	0	0	0
15	14	35	2	2	2	2	THRU	0	0	0
15	14	25	2	2	1	1	RIGHT	0	0	0
15	14	25	2	2	2	2	RIGHT	0	0	0
16	36	26	1	1	1	1	LEFT	0	0	0
16	36	26	1	1	2	2	LEFT	0	0	0
16	36	15	1	1	1	1	THRU	0	0	0
16	36	15	2	2	2	2	THRU	0	0	0
16	36	25	2	2	1	1	RIGHT	0	0	0
16	36	25	2	2	2	2	RIGHT	0	0	0
16	26	15	1	1	1	1	LEFT	0	0	0
16	26	15	1	1	2	2	LEFT	0	0	0
16	26	25	1	1	1	1	THRU	0	0	0
16	26	25	2	2	2	2	THRU	0	0	0
16	26	36	2	2	1	1	RIGHT	0	0	0
16	26	36	2	2	2	2	RIGHT	0	0	0
16	25	36	1	1	1	1	LEFT	0	0	0
16	25	36	1	1	2	2	LEFT	0	0	0
16	25	26	1	1	1	1	THRU	0	0	0
16	25	26	2	2	2	2	THRU	0	0	0
16	25	15	2	2	1	1	RIGHT	0	0	0
16	25	15	2	2	2	2	RIGHT	0	0	0
16	15	25	1	1	1	1	LEFT	0	0	0
16	15	25	1	1	2	2	LEFT	0	0	0
16	15	36	1	1	1	1	THRU	0	0	0
16	15	36	2	2	2	2	THRU	0	0	0
16	15	26	2	2	1	1	RIGHT	0	0	0
16	15	26	2	2	2	2	RIGHT	0	0	0
17	37	27	1	1	1	1	LEFT	0	0	0
17	37	27	1	1	2	2	LEFT	0	0	0
17	37	16	1	1	1	1	THRU	0	0	0
17	37	16	2	2	2	2	THRU	0	0	0
17	37	16	3	3	3	3	THRU	0	0	0
17	37	16	4	4	4	4	THRU	0	0	0
17	37	26	4	4	1	1	RIGHT	0	0	0
17	37	26	4	4	2	2	RIGHT	0	0	0
17	27	16	1	1	1	1	LEFT	0	0	0
17	27	16	1	1	2	2	LEFT	0	0	0
17	27	26	1	1	1	1	THRU	0	0	0
17	27	26	2	2	2	2	THRU	0	0	0
17	27	37	2	2	3	3	RIGHT	0	0	0
17	27	37	2	2	4	4	RIGHT	0	0	0
17	26	37	1	1	1	1	LEFT	0	0	0
17	26	37	1	1	2	2	LEFT	0	0	0
17	26	27	1	1	1	1	THRU	0	0	0
17	26	27	2	2	2	2	THRU	0	0	0
17	26	16	2	2	3	3	RIGHT	0	0	0
17	26	16	2	2	4	4	RIGHT	0	0	0
17	16	26	1	1	1	1	LEFT	0	0	0
17	16	26	1	1	2	2	LEFT	0	0	0
17	16	37	1	1	1	1	THRU	0	0	0
17	16	37	2	2	2	2	THRU	0	0	0
17	16	37	3	3	3	3	THRU	0	0	0
17	16	37	4	4	4	4	THRU	0	0	0
17	16	27	4	4	1	1	RIGHT	0	0	0
17	16	27	4	4	2	2	RIGHT	0	0	0
18	38	28	1	1	1	1	LEFT	0	0	0
18	38	28	1	1	2	2	LEFT	0	0	0
18	38	17	1	1	1	1	THRU	0	0	0
18	38	17	2	2	2	2	THRU	0	0	0
18	38	27	2	2	1	1	RIGHT	0	0	0
18	38	27	2	2	2	2	RIGHT	0	0	0
18	28	17	1	1	1	1	LEFT	0	0	0
18	28	17	1	1	2	2	LEFT	0	0	0
18	28	27	1	1	1	1	THRU	0	0	0
18	28	27	2	2	2	2	THRU	0	0	0
18	28	38	2	2	1	1	RIGHT	0	0	0
18	28	38	2	2	2	2	RIGHT	0	0	0
18	27	38	1	1	1	1	LEFT	0	0	0
18	27	38	1	1	2	2	LEFT	0	0	0
18	27	28	1	1	1	1	THRU	0	0	0
18	27	28	2	2	2	2	THRU	0	0	0
18	27	17	2	2	1	1	RIGHT	0	0	0
18	27	17	2	2	2	2	RIGHT	0	0	0
18	17	27	1	1	1	1	LEFT	0	0	0
18	17	27	1	1	2	2	LEFT	0	0	0
18	17	38	1	1	1	1	THRU	0	0	0
18	17	38	2	2	2	2	THRU	0	0	0
18	17	28	2	2	1	1	RIGHT	0	0	0
18	17	28	2	2	2	2	RIGHT	0	0	0
19	39	29	1	1	1	1	LEFT	0	0	0
19	39	29	1	1	2	2	LEFT	0	0	0
19	39	18	1	1	1	1	THRU	0	0	0
19	39	18	2	2	2	2	THRU	0	0	0
19	39	28	2	2	1	1	RIGHT	0	0	0
19	39	28	2	2	2	2	RIGHT	0	0	0
19	29	18	1	1	1	1	LEFT	0	0	0
19	29	18	1	1	2	2	LEFT	0	0	0
19	29	28	1	1	1	1	THRU	0	0	0
19	29	28	2	2	2	2	THRU	0	0	0
19	29	39	2	2	1	1	RIGHT	0	0	0
19	29	39	2	2	2	2	RIGHT	0	0	0
19	28	39	1	1	1	1	LEFT	0	0	0
19	28	39	1	1	2	2	LEFT	0	0	0
19	28	29	1	1	1	1	THRU	0	0	0
19	28	29	2	2	2	2	THRU	0	0	0
19	28	18	2	2	1	1	RIGHT	0	0	0
19	28	18	2	2	2	2	RIGHT	0	0	0
19	18	28	1	1	1	1	LEFT	0	0	0
19	18	28	1	1	2	2	LEFT	0	0	0
19	18	39	1	1	1	1	THRU	0	0	0
19	18	39	2	2	2	2	THRU	0	0	0
19	18	29	2	2	1	1	RIGHT	0	0	0
19	18	29	2	2	2	2	RIGHT	0	0	0
20	40	30	1	1	1	1	LEFT	0	0	0
20	40	30	1	1	2	2	LEFT	0	0	0
20	40	19	1	1	1	1	THRU	0	0	0
20	40	19	2	2	2	2	THRU	0	0	0
20	40	19	3	3	3	3	THRU	0	0	0
20	40	19	4	4	4	4	THRU	0	0	0
20	40	29	4	4	1	1	RIGHT	0	0	0
20	40	29	4	4	2	2	RIGHT	0	0	0
20	30	19	1	1	1	1	LEFT	0	0	0
20	30	19	1	1	2	2	LEFT	0	0	0
20	30	29	1	1	1	1	THRU	0	0	0
20	30	29	2	2	2	2	THRU	0	0	0
20	30	40	2	2	3	3	RIGHT	0	0	0
20	30	40	2	2	4	4	RIGHT	0	0	0
20	29	40	1	1	1	1	LEFT	0	0	0
20	29	40	1	1	2	2	LEFT	0	0	0
20	29	30	1	1	1	1	THRU	0	0	0
20	29	30	2	2	2	2	THRU	0	0	0
20	29	19	2	2	3	3	RIGHT	0	0	0
20	29	19	2	2	4	4	RIGHT	0	0	0
20	19	29	1	1	1	1	LEFT	0	0	0
20	19	29	1	1	2	2	LEFT	0	0	0
20	19	40	1	1	1	1	THRU	0	0	0
20	19	40	2	2	2	2	THRU	0	0	0
20	19	40	3	3	3	3	THRU	0	0	0
20	19	40	4	4	4	4	THRU	0	0	0
20	19	30	4	4	1	1	RIGHT	0	0	0
20	19	30	4	4	2	2	RIGHT	0	0	0
21	41	31	1	1	1	1	LEFT	0	0	0
21	41	31	1	1	2	2	LEFT	0	0	0
21	41	20	1	1	1	1	THRU	0	0	0
21	41	20	2	2	2	2	THRU	0	0	0
21	41	30	2	2	1	1	RIGHT	0	0	0
21	41	30	2	2	2	2	RIGHT	0	0	0
21	31	20	1	1	1	1	LEFT	0	0	0
21	31	20	1	1	2	2	LEFT	0	0	0
21	31	30	1	1	1	1	THRU	0	0	0
21	31	30	2	2	2	2	THRU	0	0	0
21	31	41	2	2	1	1	RIGHT	0	0	0
21	31	41	2	2	2	2	RIGHT	0	0	0
21	30	41	1	1	1	1	LEFT	0	0	0
21	30	41	1	1	2	2	LEFT	0	0	0
21	30	31	1	1	1	1	THRU	0	0	0
21	30	31	2	2	2	2	THRU	0	0	0
21	30	20	2	2	1	1	RIGHT	0	0	0
21	30	20	2	2	2	2	RIGHT	0	0	0
21	20	30	1	1	1	1	LEFT	0	0	0
21	20	30	1	1	2	2	LEFT	0	0	0
21	20	41	1	1	1	1	THRU	0	0	0
21	20	41	2	2	2	2	THRU	0	0	0
21	20	31	2	2	1	1	RIGHT	0	0	0
21	20	31	2	2	2	2	RIGHT	0	0	0
22	42	21	1	1	1	1	THRU	0	0	0
22	42	21	2	2	2	2	THRU	0	0	0
22	42	31	2	2	1	1	RIGHT	0	0	0
22	42	31	2	2	2	2	RIGHT	0	0	0
22	31	42	1	1	1	1	LEFT	0	0	0
22	31	42	2	2	2	2	LEFT	0	0	0
22	31	21	2	2	1	1	RIGHT	0	0	0
22	31	21	2	2	2	2	RIGHT	0	0	0
22	21	31	1	1	1	1	LEFT	0	0	0
22	21	31	1	1	2	2	LEFT	0	0	0
22	21	42	1	1	1	1	THRU	0	0	0
22	21	42	2	2	2	2	THRU	0	0	0
23	53	43	1	1	1	1	LEFT	0	0	0
23	53	43	1	1	2	2	LEFT	0	0	0
23	53	32	1	1	1	1	THRU	0	0	0
23	53	32	2	2	2	2	THRU	0	0	0
23	43	32	1	1	1	1	LEFT	0	0	0
23	43	32	2	2	2	2	LEFT	0	0	0
23	43	32	3	3	2	2	LEFT	0	0	0
23	43	53	3	3	1	1	RIGHT	0	0	0
23	43	53	4	4	2	2	RIGHT	0	0	0
23	32	53	1	1	1	1	THRU	0	0	0
23	32	53	2	2	2	2	THRU	0	0	0
23	32	43	2	2	3	3	RIGHT	0	0	0
23	32	43	2	2	4	4	RIGHT	0	0	0
24	54	44	1	1	1	1	LEFT	0	0	0
24	54	44	1	1	2	2	LEFT	0	0	0
24	54	33	1	1	1	1	THRU	0	0	0
24	54	33	2	2	2	2	THRU	0	0	0
24	54	43	2	2	3	3	RIGHT	0	0	0
24	54	43	2	2	4	4	RIGHT	0	0	0
24	44	33	1	1	1	1	LEFT	0	0	0
24	44	33	1	1	2	2	LEFT	0	0	0
24	44	43	1	1	1	1	THRU	0	0	0
24	44	43	2	2	2	2	THRU	0	0	0
24	44	43	3	3	3	3	THRU	0	0	0
24	44	43	4	4	4	4	THRU	0	0	0
24	44	54	4	4	1	1	RIGHT	0	0	0
24	44	54	4	4	2	2	RIGHT	0	0	0
24	43	54	1	1	1	1	LEFT	0	0	0
24	43	54	1	1	2	2	LEFT	0	0	0
24	43	44	1	1	1	1	THRU	0	0	0
24	43	44	2	2	2	2	THRU	0	0	0
24	43	44	3	3	3	3	THRU	0	0	0
24	43	44	4	4	4	4	THRU	0	0	0
24	43	33	4	4	1	1	RIGHT	0	0	0
24	43	33	4	4	2	2	RIGHT	0	0	0
24	33	43	1	1	1	1	LEFT	0	0	0
24	33	43	1	1	2	2	LEFT	0	0	0
24	33	54	1	1	1	1	THRU	0	0	0
24	33	54	2	2	2	2	THRU	0	0	0
24	33	44	2	2	3	3	RIGHT	0	0	0
24	33	44	2	2	4	4	RIGHT	0	0	0
25	55	45	1	1	1	1	LEFT	0	0	0
25	55	45	1	1	2	2	LEFT	0	0	0
25	55	34	1	1	1	1	THRU	0	0	0
25	55	34	2	2	2	2	THRU	0	0	0
25	55	34	3	3	3	3	THRU	0	0	0
25	55	34	4	4	4	4	THRU	0	0	0
25	55	44	4	4	3	3	RIGHT	0	0	0
25	55	44	4	4	4	4	RIGHT	0	0	0
25	45	34	1	1	1	1	LEFT	0	0	0
25	45	34	1	1	2	2	LEFT	0	0	0
25	45	44	1	1	1	1	THRU	0	0	0
25	45	44	2	2	2	2	THRU	0	0	0
25	45	44	3	3	3	3	THRU	0	0	0
25	45	44	4	4	4	4	THRU	0	0	0
25	45	55	4	4	3	3	RIGHT	0	0	0
25	45	55	4	4	4	4	RIGHT	0	0	0
25	44	55	1	1	1	1	LEFT	0	0	0
25	44	55	1	1	2	2	LEFT	0	0	0
25	44	45	1	1	1	1	THRU	0	0	0
25	44	45	2	2	2	2	THRU	0	0	0
25	44	45	3	3	3	3	THRU	0	0	0
25	44	45	4	4	4	4	THRU	0	0	0
25	44	34	4	4	3	3	RIGHT	0	0	0
25	44	34	4	4	4	4	RIGHT	0	0	0
25	34	44	1	1	1	1	LEFT	0	0	0
25	34	44	1	1	2	2	LEFT	0	0	0
25	34	55	1	1	1	1	THRU	0	0	0
25	34	55	2	2	2	2	THRU	0	0	0
25	34	55	3	3	3	3	THRU	0	0	0
25	34	55	4	4	4	4	THRU	0	0	0
25	34	45	4	4	3	3	RIGHT	0	0	0
25	34	45	4	4	4	4	RIGHT	0	0	0
26	56	46	1	1	1	1	LEFT	0	0	0
26	56	46	1	1	2	2	LEFT	0	0	0
26	56	35	1	1	1	1	THRU	0	0	0
26	56	35	2	2	2	2	THRU	0	0	0
26	56	45	2	2	3	3	RIGHT	0	0	0
26	56	45	2	2	4	4	RIGHT	0	0	0
26	46	35	1	1	1	1	LEFT	0	0	0
26	46	35	1	1	2	2	LEFT	0	0	0
26	46	45	1	1	1	1	THRU	0	0	0
26	46	45	2	2	2	2	THRU	0	0	0
26	46	45	3	3	3	3	THRU	0	0	0
26	46	45	4	4	4	4	THRU	0	0	0
26	46	56	4	4	1	1	RIGHT	0	0	0
26	46	56	4	4	2	2	RIGHT	0	0	0
26	45	56	1	1	1	1	LEFT	0	0	0
26	45	56	1	1	2	2	LEFT	0	0	0
26	45	46	1	1	1	1	THRU	0	0	0
26	45	46	2	2	2	2	THRU	0	0	0
26	45	46	3	3	3	3	THRU	0	0	0
26	45	46	4	4	4	4	THRU	0	0	0
26	45	35	4	4	1	1	RIGHT	0	0	0
26	45	35	4	4	2	2	RIGHT	0	0	0
26	35	45	1	1	1	1	LEFT	0	0	0
26	35	45	1	1	2	2	LEFT	0	0	0
26	35	56	1	1	1	1	THRU	0	0	0
26	35	56	2	2	2	2	THRU	0	0	0
26	35	46	2	2	3	3	RIGHT	0	0	0
26	35	46	2	2	4	4	RIGHT	0	0	0
27	57	47	1	1	1	1	LEFT	0	0	0
27	57	47	1	1	2	2	LEFT	0	0	0
27	57	36	1	1	1	1	THRU	0	0	0
27	57	36	2	2	2	2	THRU	0	0	0
27	57	46	2	2	3	3	RIGHT	0	0	0
27	57	46	2	2	4	4	RIGHT	0	0	0
27	47	36	1	1	1	1	LEFT	0	0	0
27	47	36	1	1	2	2	LEFT	0	0	0
27	47	46	1	1	1	1	THRU	0	0	0
27	47	46	2	2	2	2	THRU	0	0	0
27	47	46	3	3	3	3	THRU	0	0	0
27	47	46	4	4	4	4	THRU	0	0	0
27	47	57	4	4	1	1	RIGHT	0	0	0
27	47	57	4	4	2	2	RIGHT	0	0	0
27	46	57	1	1	1	1	LEFT	0	0	0
27	46	57	1	1	2	2	LEFT	0	0	0
27	46	47	1	1	1	1	THRU	0	0	0
27	46	47	2	2	2	2	THRU	0	0	0
27	46	47	3	3	3	3	THRU	0	0	0
27	46	47	4	4	4	4	THRU	0	0	0
27	46	36	4	4	1	1	RIGHT	0	0	0
27	46	36	4	4	2	2	RIGHT	0	0	0
27	36	46	1	1	1	1	LEFT	0	0	0
27	36	46	1	1	2	2	LEFT	0	0	0
27	36	57	1	1	1	1	THRU	0	0	0
27	36	57	2	2	2	2	THRU	0	0	0
27	36	47	2	2	3	3	RIGHT	0	0	0
27	36	47	2	2	4	4	RIGHT	0	0	0
28	58	48	1	1	1	1	LEFT	0	0	0
28	58	48	1	1	2	2	LEFT	0	0	0
28	58	37	1	1	1	1	THRU	0	0	0
28	58	37	2	2	2	2	THRU	0	0	0
28	58	37	3	3	3	3	THRU	0	0	0
28	58	37	4	4	4	4	THRU	0	0	0
28	58	47	4	4	3	3	RIGHT	0	0	0
28	58	47	4	4	4	4	RIGHT	0	0	0
28	48	37	1	1	1	1	LEFT	0	0	0
28	48	37	1	1	2	2	LEFT	0	0	0
28	48	47	1	1	1	1	THRU	0	0	0
28	48	47	2	2	2	2	THRU	0	0	0
28	48	47	3	3	3	3	THRU	0	0	0
28	48	47	4	4	4	4	THRU	0	0	0
28	48	58	4	4	3	3	RIGHT	0	0	0
28	48	58	4	4	4	4	RIGHT	0	0	0
28	47	58	1	1	1	1	LEFT	0	0	0
28	47	58	1	1	2	2	LEFT	0	0	0
28	47	48	1	1	1	1	THRU	0	0	0
28	47	48	2	2	2	2	THRU	0	0	0
28	47	48	3	3	3	3	THRU	0	0	0
28	47	48	4	4	4	4	THRU	0	0	0
28	47	37	4	4	3	3	RIGHT	0	0	0
28	47	37	4	4	4	4	RIGHT	0	0	0
28	37	47	1	1	1	1	LEFT	0	0	0
28	37	47	1	1	2	2	LEFT	0	0	0
28	37	58	1	1	1	1	THRU	0	0	0
28	37	58	2	2	2	2	THRU	0	0	0
28	37	58	3	3	3	3	THRU	0	0	0
28	37	58	4	4	4	4	THRU	0	0	0
28	37	48	4	4	3	3	RIGHT	0	0	0
28	37	48	4	4	4	4	RIGHT	0	0	0
29	59	49	1	1	1	1	LEFT	0	0	0
29	59	49	1	1	2	2	LEFT	0	0	0
29	59	38	1	1	1	1	THRU	0	0	0
29	59	38	2	2	2	2	THRU	0	0	0
29	59	48	2	2	3	3	RIGHT	0	0	0
29	59	48	2	2	4	4	RIGHT	0	0	0
29	49	38	1	1	1	1	LEFT	0	0	0
29	49	38	1	1	2	2	LEFT	0	0	0
29	49	48	1	1	1	1	THRU	0	0	0
29	49	48	2	2	2	2	THRU	0	0	0
29	49	48	3	3	3	3	THRU	0	0	0
29	49	48	4	4	4	4	THRU	0	0	0
29	49	59	4	4	1	1	RIGHT	0	0	0
29	49	59	4	4	2	2	RIGHT	0	0	0
29	48	59	1	1	1	1	LEFT	0	0	0
29	48	59	1	1	2	2	LEFT	0	0	0
29	48	49	1	1	1	1	THRU	0	0	0
29	48	49	2	2	2	2	THRU	0	0	0
29	48	49	3	3	3	3	THRU	0	0	0
29	48	49	4	4	4	4	THRU	0	0	0
29	48	38	4	4	1	1	RIGHT	0	0	0
29	48	38	4	4	2	2	RIGHT	0	0	0
29	38	48	1	1	1	1	LEFT	0	0	0
29	38	48	1	1	2	2	LEFT	0	0	0
29	38	59	1	1	1	1	THRU	0	0	0
29	38	59	2	2	2	2	THRU	0	0	0
29	38	49	2	2	3	3	RIGHT	0	0	0
29	38	49	2	2	4	4	RIGHT	0	0	0
30	60	50	1	1	1	1	LEFT	0	0	0
30	60	50	1	1	2	2	LEFT	0	0	0
30	60	39	1	1	1	1	THRU	0	0	0
30	60	39	2	2	2	2	THRU	0	0	0
30	60	49	2	2	3	3	RIGHT	0	0	0
30	60	49	2	2	4	4	RIGHT	0	0	0
30	50	39	1	1	1	1	LEFT	0	0	0
30	50	39	1	1	2	2	LEFT	0	0	0
30	50	49	1	1	1	1	THRU	0	0	0
30	50	49	2	2	2	2	THRU	0	0	0
30	50	49	3	3	3	3	THRU	0	0	0
30	50	49	4	4	4	4	THRU	0	0	0
30	50	60	4	4	1	1	RIGHT	0	0	0
30	50	60	4	4	2	2	RIGHT	0	0	0
30	49	60	1	1	1	1	LEFT	0	0	0
30	49	60	1	1	2	2	LEFT	0	0	0
30	49	50	1	1	1	1	THRU	0	0	0
30	49	50	2	2	2	2	THRU	0	0	0
30	49	50	3	3	3	3	THRU	0	0	0
30	49	50	4	4	4	4	THRU	0	0	0
30	49	39	4	4	1	1	RIGHT	0	0	0
30	49	39	4	4	2	2	RIGHT	0	0	0
30	39	49	1	1	1	1	LEFT	0	0	0
30	39	49	1	1	2	2	LEFT	0	0	0
30	39	60	1	1	1	1	THRU	0	0	0
30	39	60	2	2	2	2	THRU	0	0	0
30	39	50	2	2	3	3	RIGHT	0	0	0
30	39	50	2	2	4	4	RIGHT	0	0	0
31	61	51	1	1	1	1	LEFT	0	0	0
31	61	51	1	1	2	2	LEFT	0	0	0
31	61	40	1	1	1	1	THRU	0	0	0
31	61	40	2	2	2	2	THRU	0	0	0
31	61	40	3	3	3	3	THRU	0	0	0
31	61	40	4	4	4	4	THRU	0	0	0
31	61	50	4	4	3	3	RIGHT	0	0	0
31	61	50	4	4	4	4	RIGHT	0	0	0
31	51	40	1	1	1	1	LEFT	0	0	0
31	51	40	1	1	2	2	LEFT	0	0	0
31	51	50	1	1	1	1	THRU	0	0	0
31	51	50	2	2	2	2	THRU	0	0	0
31	51	50	3	3	3	3	THRU	0	0	0
31	51	50	4	4	4	4	THRU	0	0	0
31	51	61	4	4	3	3	RIGHT	0	0	0
31	51	61	4	4	4	4	RIGHT	0	0	0
31	50	61	1	1	1	1	LEFT	0	0	0
31	50	61	1	1	2	2	LEFT	0	0	0
31	50	51	1	1	1	1	THRU	0	0	0
31	50	51	2	2	2	2	THRU	0	0	0
31	50	51	3	3	3	3	THRU	0	0	0
31	50	51	4	4	4	4	THRU	0	0	0
31	50	40	4	4	3	3	RIGHT	0	0	0
31	50	40	4	4	4	4	RIGHT	0	0	0
31	40	50	1	1	1	1	LEFT	0	0	0
31	40	50	1	1	2	2	LEFT	0	0	0
31	40	61	1	1	1	1	THRU	0	0	0
31	40	61	2	2	2	2	THRU	0	0	0
31	40	61	3	3	3	3	THRU	0	0	0
31	40	61	4	4	4	4	THRU	0	0	0
31	40	51	4	4	3	3	RIGHT	0	0	0
31	40	51	4	4	4	4	RIGHT	0	0	0
32	62	52	1	1	1	1	LEFT	0	0	0
32	62	52	1	1	2	2	LEFT	0	0	0
32	62	41	1	1	1	1	THRU	0	0	0
32	62	41	2	2	2	2	THRU	0	0	0
32	62	51	2	2	3	3	RIGHT	0	0	0
32	62	51	2	2	4	4	RIGHT	0	0	0
32	52	41	1	1	1	1	LEFT	0	0	0
32	52	41	1	1	2	2	LEFT	0	0	0
32	52	51	1	1	1	1	THRU	0	0	0
32	52	51	2	2	2	2	THRU	0	0	0
32	52	51	3	3	3	3	THRU	0	0	0
32	52	51	4	4	4	4	THRU	0	0	0
32	52	62	4	4	1	1	RIGHT	0	0	0
32	52	62	4	4	2	2	RIGHT	0	0	0
32	51	62	1	1	1	1	LEFT	0	0	0
32	51	62	1	1	2	2	LEFT	0	0	0
32	51	52	1	1	1	1	THRU	0	0	0
32	51	52	2	2	2	2	THRU	0	0	0
32	51	52	3	3	3	3	THRU	0	0	0
32	51	52	4	4	4	4	THRU	0	0	0
32	51	41	4	4	1	1	RIGHT	0	0	0
32	51	41	4	4	2	2	RIGHT	0	0	0
32	41	51	1	1	1	1	LEFT	0	0	0
32	41	51	1	1	2	2	LEFT	0	0	0
32	41	62	1	1	1	1	THRU	0	0	0
32	41	62	2	2	2	2	THRU	0	0	0
32	41	52	2	2	3	3	RIGHT	0	0	0
32	41	52	2	2	4	4	RIGHT	0	0	0
33	63	42	1	1	1	1	THRU	0	0	0
33	63	42	2	2	2	2	THRU	0	0	0
33	63	52	2	2	3	3	RIGHT	0	0	0
33	63	52	2	2	4	4	RIGHT	0	0	0
33	52	63	1	1	1	1	LEFT	0	0	0
33	52	63	2	2	2	2	LEFT	0	0	0
33	52	63	3	3	2	2	LEFT	0	0	0
33	52	42	3	3	1	1	RIGHT	0	0	0
33	52	42	4	4	2	2	RIGHT	0	0	0
33	42	52	1	1	1	1	LEFT	0	0	0
33	42	52	1	1	2	2	LEFT	0	0	0
33	42	63	1	1	1	1	THRU	0	0	0
33	42	63	2	2	2	2	THRU	0	0	0
34	74	64	1	1	1	1	LEFT	0	0	0
34	74	64	1	1	2	2	LEFT	0	0	0
34	74	53	1	1	1	1	THRU	0	0	0
34	74	53	2	2	2	2	THRU	0	0	0
34	64	53	1	1	1	1	LEFT	0	0	0
34	64	53	2	2	2	2	LEFT	0	0	0
34	64	74	2	2	1	1	RIGHT	0	0	0
34	64	74	2	2	2	2	RIGHT	0	0	0
34	53	74	1	1	1	1	THRU	0	0	0
34	53	74	2	2	2	2	THRU	0	0	0
34	53	64	2	2	1	1	RIGHT	0	0	0
34	53	64	2	2	2	2	RIGHT	0	0	0
35	75	65	1	1	1	1	LEFT	0	0	0
35	75	65	1	1	2	2	LEFT	0	0	0
35	75	54	1	1	1	1	THRU	0	0	0
35	75	54	2	2	2	2	THRU	0	0	0
35	75	64	2	2	1	1	RIGHT	0	0	0
35	75	64	2	2	2	2	RIGHT	0	0	0
35	65	54	1	1	1	1	LEFT	0	0	0
35	65	54	1	1	2	2	LEFT	0	0	0
35	65	64	1	1	1	1	THRU	0	0	0
35	65	64	2	2	2	2	THRU	0	0	0
35	65	75	2	2	1	1	RIGHT	0	0	0
35	65	75	2	2	2	2	RIGHT	0	0	0
35	64	75	1	1	1	1	LEFT	0	0	0
35	64	75	1	1	2	2	LEFT	0	0	0
35	64	65	1	1	1	1	THRU	0	0	0
35	64	65	2	2	2	2	THRU	0	0	0
35	64	54	2	2	1	1	RIGHT	0	0	0
35	64	54	2	2	2	2	RIGHT	0	0	0
35	54	64	1	1	1	1	LEFT	0	0	0
35	54	64	1	1	2	2	LEFT	0	0	0
35	54	75	1	1	1	1	THRU	0	0	0
35	54	75	2	2	2	2	THRU	0	0	0
35	54	65	2	2	1	1	RIGHT	0	0	0
35	54	65	2	2	2	2	RIGHT	0	0	0
36	76	66	1	1	1	1	LEFT	0	0	0
36	76	66	1	1	2	2	LEFT	0	0	0
36	76	55	1	1	1	1	THRU	0	0	0
36	76	55	2	2	2	2	THRU	0	0	0
36	76	55	3	3	3	3	THRU	0	0	0
36	76	55	4	4	4	4	THRU	0	0	0
36	76	65	4	4	1	1	RIGHT	0	0	0
36	76	65	4	4	2	2	RIGHT	0	0	0
36	66	55	1	1	1	1	LEFT	0	0	0
36	66	55	1	1	2	2	LEFT	0	0	0
36	66	65	1	1	1	1	THRU	0	0	0
36	66	65	2	2	2	2	THRU	0	0	0
36	66	76	2	2	3	3	RIGHT	0	0	0
36	66	76	2	2	4	4	RIGHT	0	0	0
36	65	76	1	1	1	1	LEFT	0	0	0
36	65	76	1	1	2	2	LEFT	0	0	0
36	65	66	1	1	1	1	THRU	0	0	0
36	65	66	2	2	2	2	THRU	0	0	0
36	65	55	2	2	3	3	RIGHT	0	0	0
36	65	55	2	2	4	4	RIGHT	0	0	0
36	55	65	1	1	1	1	LEFT	0	0	0
36	55	65	1	1	2	2	LEFT	0	0	0
36	55	76	1	1	1	1	THRU	0	0	0
36	55	76	2	2	2	2	THRU	0	0	0
36	55	76	3	3	3	3	THRU	0	0	0
36	55	76	4	4	4	4	THRU	0	0	0
36	55	66	4	4	1	1	RIGHT	0	0	0
36	55	66	4	4	2	2	RIGHT	0	0	0
37	77	67	1	1	1	1	LEFT	0	0	0
37	77	67	1	1	2	2	LEFT	0	0	0
37	77	56	1	1	1	1	THRU	0	0	0
37	77	56	2	2	2	2	THRU	0	0	0
37	77	66	2	2	1	1	RIGHT	0	0	0
37	77	66	2	2	2	2	RIGHT	0	0	0
37	67	56	1	1	1	1	LEFT	0	0	0
37	67	56	1	1	2	2	LEFT	0	0	0
37	67	66	1	1	1	1	THRU	0	0	0
37	67	66	2	2	2	2	THRU	0	0	0
37	67	77	2	2	1	1	RIGHT	0	0	0
37	67	77	2	2	2	2	RIGHT	0	0	0
37	66	77	1	1	1	1	LEFT	0	0	0
37	66	77	1	1	2	2	LEFT	0	0	0
37	66	67	1	1	1	1	THRU	0	0	0
37	66	67	2	2	2	2	THRU	0	0	0
37	66	56	2	2	1	1	RIGHT	0	0	0
37	66	56	2	2	2	2	RIGHT	0	0	0
37	56	66	1	1	1	1	LEFT	0	0	0
37	56	66	1	1	2	2	LEFT	0	0	0
37	56	77	1	1	1	1	THRU	0	0	0
37	56	77	2	2	2	2	THRU	0	0	0
37	56	67	2	2	1	1	RIGHT	0	0	0
37	56	67	2	2	2	2	RIGHT	0	0	0
38	78	68	1	1	1	1	LEFT	0	0	0
38	78	68	1	1	2	2	LEFT	0	0	0
38	78	57	1	1	1	1	THRU	0	0	0
38	78	57	2	2	2	2	THRU	0	0	0
38	78	67	2	2	1	1	RIGHT	0	0	0
38	78	67	2	2	2	2	RIGHT	0	0	0
38	68	57	1	1	1	1	LEFT	0	0	0
38	68	57	1	1	2	2	LEFT	0	0	0
38	68	67	1	1	1	1	THRU	0	0	0
38	68	67	2	2	2	2	THRU	0	0	0
38	68	78	2	2	1	1	RIGHT	0	0	0
38	68	78	2	2	2	2	RIGHT	0	0	0
38	67	78	1	1	1	1	LEFT	0	0	0
38	67	78	1	1	2	2	LEFT	0	0	0
38	67	68	1	1	1	1	THRU	0	0	0
38	67	68	2	2	2	2	THRU	0	0	0
38	67	57	2	2	1	1	RIGHT	0	0	0
38	67	57	2	2	2	2	RIGHT	0	0	0
38	57	67	1	1	1	1	LEFT	0	0	0
38	57	67	1	1	2	2	LEFT	0	0	0
38	57	78	1	1	1	1	THRU	0	0	0
38	57	78	2	2	2	2	THRU	0	0	0
38	57	68	2	2	1	1	RIGHT	0	0	0
38	57	68	2	2	2	2	RIGHT	0	0	0
39	79	69	1	1	1	1	LEFT	0	0	0
39	79	69	1	1	2	2	LEFT	0	0	0
39	79	58	1	1	1	1	THRU	0	0	0
39	79	58	2	2	2	2	THRU	0	0	0
39	79	58	3	3	3	3	THRU	0	0	0
39	79	58	4	4	4	4	THRU	0	0	0
39	79	68	4	4	1	1	RIGHT	0	0	0
39	79	68	4	4	2	2	RIGHT	0	0	0
39	69	58	1	1	1	1	LEFT	0	0	0
39	69	58	1	1	2	2	LEFT	0	0	0
39	69	68	1	1	1	1	THRU	0	0	0
39	69	68	2	2	2	2	THRU	0	0	0
39	69	79	2	2	3	3	RIGHT	0	0	0
39	69	79	2	2	4	4	RIGHT	0	0	0
39	68	79	1	1	1	1	LEFT	0	0	0
39	68	79	1	1	2	2	LEFT	0	0	0
39	68	69	1	1	1	1	THRU	0	0	0
39	68	69	2	2	2	2	THRU	0	0	0
39	68	58	2	2	3	3	RIGHT	0	0	0
39	68	58	2	2	4	4	RIGHT	0	0	0
39	58	68	1	1	1	1	LEFT	0	0	0
39	58	68	1	1	2	2	LEFT	0	0	0
39	58	79	1	1	1	1	THRU	0	0	0
39	58	79	2	2	2	2	THRU	0	0	0
39	58	79	3	3	3	3	THRU	0	0	0
39	58	79	4	4	4	4	THRU	0	0	0
39	58	69	4	4	1	1	RIGHT	0	0	0
39	58	69	4	4	2	2	RIGHT	0	0	0
40	80	70	1	1	1	1	LEFT	0	0	0
40	80	70	1	1	2	2	LEFT	0	0	0
40	80	59	1	1	1	1	THRU	0	0	0
40	80	59	2	2	2	2	THRU	0	0	0
40	80	69	2	2	1	1	RIGHT	0	0	0
40	80	69	2	2	2	2	RIGHT	0	0	0
40	70	59	1	1	1	1	LEFT	0	0	0
40	70	59	1	1	2	2	LEFT	0	0	0
40	70	69	1	1	1	1	THRU	0	0	0
40	70	69	2	2	2	2	THRU	0	0	0
40	70	80	2	2	1	1	RIGHT	0	0	0
40	70	80	2	2	2	2	RIGHT	0	0	0
40	69	80	1	1	1	1	LEFT	0	0	0
40	69	80	1	1	2	2	LEFT	0	0	0
40	69	70	1	1	1	1	THRU	0	0	0
40	69	70	2	2	2	2	THRU	0	0	0
40	69	59	2	2	1	1	RIGHT	0	0	0
40	69	59	2	2	2	2	RIGHT	0	0	0
40	59	69	1	1	1	1	LEFT	0	0	0
40	59	69	1	1	2	2	LEFT	0	0	0
40	59	80	1	1	1	1	THRU	0	0	0
40	59	80	2	2	2	2	THRU	0	0	0
40	59	70	2	2	1	1	RIGHT	0	0	0
40	59	70	2	2	2	2	RIGHT	0	0	0
41	81	71	1	1	1	1	LEFT	0	0	0
41	81	71	1	1	2	2	LEFT	0	0	0
41	81	60	1	1	1	1	THRU	0	0	0
41	81	60	2	2	2	2	THRU	0	0	0
41	81	70	2	2	1	1	RIGHT	0	0	0
41	81	70	2	2	2	2	RIGHT	0	0	0
41	71	60	1	1	1	1	LEFT	0	0	0
41	71	60	1	1	2	2	LEFT	0	0	0
41	71	70	1	1	1	1	THRU	0	0	0
41	71	70	2	2	2	2	THRU	0	0	0
41	71	81	2	2	1	1	RIGHT	0	0	0
41	71	81	2	2	2	2	RIGHT	0	0	0
41	70	81	1	1	1	1	LEFT	0	0	0
41	70	81	1	1	2	2	LEFT	0	0	0
41	70	71	1	1	1	1	THRU	0	0	0
41	70	71	2	2	2	2	THRU	0	0	0
41	70	60	2	2	1	1	RIGHT	0	0	0
41	70	60	2	2	2	2	RIGHT	0	0	0
41	60	70	1	1	1	1	LEFT	0	0	0
41	60	70	1	1	2	2	LEFT	0	0	0
41	60	81	1	1	1	1	THRU	0	0	0
41	60	81	2	2	2	2	THRU	0	0	0
41	60	71	2	2	1	1	RIGHT	0	0	0
41	60	71	2	2	2	2	RIGHT	0	0	0
42	82	72	1	1	1	1	LEFT	0	0	0
42	82	72	1	1	2	2	LEFT	0	0	0
42	82	61	1	1	1	1	THRU	0	0	0
42	82	61	2	2	2	2	THRU	0	0	0
42	82	61	3	3	3	3	THRU	0	0	0
42	82	61	4	4	4	4	THRU	0	0	0
42	82	71	4	4	1	1	RIGHT	0	0	0
42	82	71	4	4	2	2	RIGHT	0	0	0
42	72	61	1	1	1	1	LEFT	0	0	0
42	72	61	1	1	2	2	LEFT	0	0	0
42	72	71	1	1	1	1	THRU	0	0	0
42	72	71	2	2	2	2	THRU	0	0	0
42	72	82	2	2	3	3	RIGHT	0	0	0
42	72	82	2	2	4	4	RIGHT	0	0	0
42	71	82	1	1	1	1	LEFT	0	0	0
42	71	82	1	1	2	2	LEFT	0	0	0
42	71	72	1	1	1	1	THRU	0	0	0
42	71	72	2	2	2	2	THRU	0	0	0
42	71	61	2	2	3	3	RIGHT	0	0	0
42	71	61	2	2	4	4	RIGHT	0	0	0
42	61	71	1	1	1	1	LEFT	0	0	0
42	61	71	1	1	2	2	LEFT	0	0	0
42	61	82	1	1	1	1	THRU	0	0	0
42	61	82	2	2	2	2	THRU	0	0	0
42	61	82	3	3	3	3	THRU	0	0	0
42	61	82	4	4	4	4	THRU	0	0	0
42	61	72	4	4	1	1	RIGHT	0	0	0
42	61	72	4	4	2	2	RIGHT	0	0	0
43	83	73	1	1	1	1	LEFT	0	0	0
43	83	73	1	1	2	2	LEFT	0	0	0
43	83	62	1	1	1	1	THRU	0	0	0
43	83	62	2	2	2	2	THRU	0	0	0
43	83	72	2	2	1	1	RIGHT	0	0	0
43	83	72	2	2	2	2	RIGHT	0	0	0
43	73	62	1	1	1	1	LEFT	0	0	0
43	73	62	1	1	2	2	LEFT	0	0	0
43	73	72	1	1	1	1	THRU	0	0	0
43	73	72	2	2	2	2	THRU	0	0	0
43	73	83	2	2	1	1	RIGHT	0	0	0
43	73	83	2	2	2	2	RIGHT	0	0	0
43	72	83	1	1	1	1	LEFT	0	0	0
43	72	83	1	1	2	2	LEFT	0	0	0
43	72	73	1	1	1	1	THRU	0	0	0
43	72	73	2	2	2	2	THRU	0	0	0
43	72	62	2	2	1	1	RIGHT	0	0	0
43	72	62	2	2	2	2	RIGHT	0	0	0
43	62	72	1	1	1	1	LEFT	0	0	0
43	62	72	1	1	2	2	LEFT	0	0	0
43	62	83	1	1	1	1	THRU	0	0	0
43	62	83	2	2	2	2	THRU	0	0	0
43	62	73	2	2	1	1	RIGHT	0	0	0
43	62	73	2	2	2	2	RIGHT	0	0	0
44	84	63	1	1	1	1	THRU	0	0	0
44	84	63	2	2	2	2	THRU	0	0	0
44	84	73	2	2	1	1	RIGHT	0	0	0
44	84	73	2	2	2	2	RIGHT	0	0	0
44	73	84	1	1	1	1	LEFT	0	0	0
44	73	84	2	2	2	2	LEFT	0	0	0
44	73	63	2	2	1	1	RIGHT	0	0	0
44	73	63	2	2	2	2	RIGHT	0	0	0
44	63	73	1	1	1	1	LEFT	0	0	0
44	63	73	1	1	2	2	LEFT	0	0	0
44	63	84	1	1	1	1	THRU	0	0	0
44	63	84	2	2	2	2	THRU	0	0	0
45	95	85	1	1	1	1	LEFT	0	0	0
45	95	85	1	1	2	2	LEFT	0	0	0
45	95	74	1	1	1	1	THRU	0	0	0
45	95	74	2	2	2	2	THRU	0	0	0
45	85	74	1	1	1	1	LEFT	0	0	0
45	85	74	2	2	2	2	LEFT	0	0	0
45	85	95	2	2	1	1	RIGHT	0	0	0
45	85	95	2	2	2	2	RIGHT	0	0	0
45	74	95	1	1	1	1	THRU	0	0	0
45	74	95	2	2	2	2	THRU	0	0	0
45	74	85	2	2	1	1	RIGHT	0	0	0
45	74	85	2	2	2	2	RIGHT	0	0	0
46	96	86	1	1	1	1	LEFT	0	0	0
46	96	86	1	1	2	2	LEFT	0	0	0
46	96	75	1	1	1	1	THRU	0	0	0
46	96	75	2	2	2	2	THRU	0	0	0
46	96	85	2	2	1	1	RIGHT	0	0	0
46	96	85	2	2	2	2	RIGHT	0	0	0
46	86	75	1	1	1	1	LEFT	0	0	0
46	86	75	1	1	2	2	LEFT	0	0	0
46	86	85	1	1	1	1	THRU	0	0	0
46	86	85	2	2	2	2	THRU	0	0	0
46	86	96	2	2	1	1	RIGHT	0	0	0
46	86	96	2	2	2	2	RIGHT	0	0	0
46	85	96	1	1	1	1	LEFT	0	0	0
46	85	96	1	1	2	2	LEFT	0	0	0
46	85	86	1	1	1	1	THRU	0	0	0
46	85	86	2	2	2	2	THRU	0	0	0
46	85	75	2	2	1	1	RIGHT	0	0	0
46	85	75	2	2	2	2	RIGHT	0	0	0
46	75	85	1	1	1	1	LEFT	0	0	0
46	75	85	1	1	2	2	LEFT	0	0	0
46	75	96	1	1	1	1	THRU	0	0	0
46	75	96	2	2	2	2	THRU	0	0	0
46	75	86	2	2	1	1	RIGHT	0	0	0
46	75	86	2	2	2	2	RIGHT	0	0	0
47	97	87	1	1	1	1	LEFT	0	0	0
47	97	87	1	1	2	2	LEFT	0	0	0
47	97	76	1	1	1	1	THRU	0	0	0
47	97	76	2	2	2	2	THRU	0	0	0
47	97	76	3	3	3	3	THRU	0	0	0
47	97	76	4	4	4	4	THRU	0	0	0
47	97	86	4	4	1	1	RIGHT	0	0	0
47	97	86	4	4	2	2	RIGHT	0	0	0
47	87	76	1	1	1	1	LEFT	0	0	0
47	87	76	1	1	2	2	LEFT	0	0	0
47	87	86	1	1	1	1	THRU	0	0	0
47	87	86	2	2	2	2	THRU	0	0	0
47	87	97	2	2	3	3	RIGHT	0	0	0
47	87	97	2	2	4	4	RIGHT	0	0	0
47	86	97	1	1	1	1	LEFT	0	0	0
47	86	97	1	1	2	2	LEFT	0	0	0
47	86	87	1	1	1	1	THRU	0	0	0
47	86	87	2	2	2	2	THRU	0	0	0
47	86	76	2	2	3	3	RIGHT	0	0	0
47	86	76	2	2	4	4	RIGHT	0	0	0
47	76	86	1	1	1	1	LEFT	0	0	0
47	76	86	1	1	2	2	LEFT	0	0	0
47	76	97	1	1	1	1	THRU	0	0	0
47	76	97	2	2	2	2	THRU	0	0	0
47	76	97	3	3	3	3	THRU	0	0	0
47	76	97	4	4	4	4	THRU	0	0	0
47	76	87	4	4	1	1	RIGHT	0	0	0
47	76	87	4	4	2	2	RIGHT	0	0	0
48	98	88	1	1	1	1	LEFT	0	0	0
48	98	88	1	1	2	2	LEFT	0	0	0
48	98	77	1	1	1	1	THRU	0	0	0
48	98	77	2	2	2	2	THRU	0	0	0
48	98	87	2	2	1	1	RIGHT	0	0	0
48	98	87	2	2	2	2	RIGHT	0	0	0
48	88	77	1	1	1	1	LEFT	0	0	0
48	88	77	1	1	2	2	LEFT	0	0	0
48	88	87	1	1	1	1	THRU	0	0	0
48	88	87	2	2	2	2	THRU	0	0	0
48	88	98	2	2	1	1	RIGHT	0	0	0
48	88	98	2	2	2	2	RIGHT	0	0	0
48	87	98	1	1	1	1	LEFT	0	0	0
48	87	98	1	1	2	2	LEFT	0	0	0
48	87	88	1	1	1	1	THRU	0	0	0
48	87	88	2	2	2	2	THRU	0	0	0
48	87	77	2	2	1	1	RIGHT	0	0	0
48	87	77	2	2	2	2	RIGHT	0	0	0
48	77	87	1	1	1	1	LEFT	0	0	0
48	77	87	1	1	2	2	LEFT	0	0	0
48	77	98	1	1	1	1	THRU	0	0	0
48	77	98	2	2	2	2	THRU	0	0	0
48	77	88	2	2	1	1	RIGHT	0	0	0
48	77	88	2	2	2	2	RIGHT	0	0	0
49	99	89	1	1	1	1	LEFT	0	0	0
49	99	89	1	1	2	2	LEFT	0	0	0
49	99	78	1	1	1	1	THRU	0	0	0
49	99	78	2	2	2	2	THRU	0	0	0
49	99	88	2	2	1	1	RIGHT	0	0	0
49	99	88	2	2	2	2	RIGHT	0	0	0
49	89	78	1	1	1	1	LEFT	0	0	0
49	89	78	1	1	2	2	LEFT	0	0	0
49	89	88	1	1	1	1	THRU	0	0	0
49	89	88	2	2	2	2	THRU	0	0	0
49	89	99	2	2	1	1	RIGHT	0	0	0
49	89	99	2	2	2	2	RIGHT	0	0	0
49	88	99	1	1	1	1	LEFT	0	0	0
49	88	99	1	1	2	2	LEFT	0	0	0
49	88	89	1	1	1	1	THRU	0	0	0
49	88	89	2	2	2	2	THRU	0	0	0
49	88	78	2	2	1	1	RIGHT	0	0	0
49	88	78	2	2	2	2	RIGHT	0	0	0
49	78	88	1	1	1	1	LEFT	0	0	0
49	78	88	1	1	2	2	LEFT	0	0	0
49	78	99	1	1	1	1	THRU	0	0	0
49	78	99	2	2	2	2	THRU	0	0	0
49	78	89	2	2	1	1	RIGHT	0	0	0
49	78	89	2	2	2	2	RIGHT	0	0	0
50	100	90	1	1	1	1	LEFT	0	0	0
50	100	90	1	1	2	2	LEFT	0	0	0
50	100	79	1	1	1	1	THRU	0	0	0
50	100	79	2	2	2	2	THRU	0	0	0
50	100	79	3	3	3	3	THRU	0	0	0
50	100	79	4	4	4	4	THRU	0	0	0
50	100	89	4	4	1	1	RIGHT	0	0	0
50	100	89	4	4	2	2	RIGHT	0	0	0
50	90	79	1	1	1	1	LEFT	0	0	0
50	90	79	1	1	2	2	LEFT	0	0	0
50	90	89	1	1	1	1	THRU	0	0	0
50	90	89	2	2	2	2	THRU	0	0	0
50	90	100	2	2	3	3	RIGHT	0	0	0
50	90	100	2	2	4	4	RIGHT	0	0	0
50	89	100	1	1	1	1	LEFT	0	0	0
50	89	100	1	1	2	2	LEFT	0	0	0
50	89	90	1	1	1	1	THRU	0	0	0
50	89	90	2	2	2	2	THRU	0	0	0
50	89	79	2	2	3	3	RIGHT	0	0	0
50	89	79	2	2	4	4	RIGHT	0	0	0
50	79	89	1	1	1	1	LEFT	0	0	0
50	79	89	1	1	2	2	LEFT	0	0	0
50	79	100	1	1	1	1	THRU	0	0	0
50	79	100	2	2	2	2	THRU	0	0	0
50	79	100	3	3	3	3	THRU	0	0	0
50	79	100	4	4	4	4	THRU	0	0	0
50	79	90	4	4	1	1	RIGHT	0	0	0
50	79	90	4	4	2	2	RIGHT	0	0	0
51	101	91	1	1	1	1	LEFT	0	0	0
51	101	91	1	1	2	2	LEFT	0	0	0
51	101	80	1	1	1	1	THRU	0	0	0
51	101	80	2	2	2	2	THRU	0	0	0
51	101	90	2	2	1	1	RIGHT	0	0	0
51	101	90	2	2	2	2	RIGHT	0	0	0
51	91	80	1	1	1	1	LEFT	0	0	0
51	91	80	1	1	2	2	LEFT	0	0	0
51	91	90	1	1	1	1	THRU	0	0	0
51	91	90	2	2	2	2	THRU	0	0	0
51	91	101	2	2	1	1	RIGHT	0	0	0
51	91	101	2	2	2	2	RIGHT	0	0	0
51	90	101	1	1	1	1	LEFT	0	0	0
51	90	101	1	1	2	2	LEFT	0	0	0
51	90	91	1	1	1	1	THRU	0	0	0
51	90	91	2	2	2	2	THRU	0	0	0
51	90	80	2	2	1	1	RIGHT	0	0	0
51	90	80	2	2	2	2	RIGHT	0	0	0
51	80	90	1	1	1	1	LEFT	0	0	0
51	80	90	1	1	2	2	LEFT	0	0	0
51	80	101	1	1	1	1	THRU	0	0	0
51	80	101	2	2	2	2	THRU	0	0	0
51	80	91	2	2	1	1	RIGHT	0	0	0
51	80	91	2	2	2	2	RIGHT	0	0	0
52	102	92	1	1	1	1	LEFT	0	0	0
52	102	92	1	1	2	2	LEFT	0	0	0
52	102	81	1	1	1	1	THRU	0	0	0
52	102	81	2	2	2	2	THRU	0	0	0
52	102	91	2	2	1	1	RIGHT	0	0	0
52	102	91	2	2	2	2	RIGHT	0	0	0
52	92	81	1	1	1	1	LEFT	0	0	0
52	92	81	1	1	2	2	LEFT	0	0	0
52	92	91	1	1	1	1	THRU	0	0	0
52	92	91	2	2	2	2	THRU	0	0	0
52	92	102	2	2	1	1	RIGHT	0	0	0
52	92	102	2	2	2	2	RIGHT	0	0	0
52	91	102	1	1	1	1	LEFT	0	0	0
52	91	102	1	1	2	2	LEFT	0	0	0
52	91	92	1	1	1	1	THRU	0	0	0
52	91	92	2	2	2	2	THRU	0	0	0
52	91	81	2	2	1	1	RIGHT	0	0	0
52	91	81	2	2	2	2	RIGHT	0	0	0
52	81	91	1	1	1	1	LEFT	0	0	0
52	81	91	1	1	2	2	LEFT	0	0	0
52	81	102	1	1	1	1	THRU	0	0	0
52	81	102	2	2	2	2	THRU	0	0	0
52	81	92	2	2	1	1	RIGHT	0	0	0
52	81	92	2	2	2	2	RIGHT	0	0	0
53	103	93	1	1	1	1	LEFT	0	0	0
53	103	93	1	1	2	2	LEFT	0	0	0
53	103	82	1	1	1	1	THRU	0	0	0
53	103	82	2	2	2	2	THRU	0	0	0
53	103	82	3	3	3	3	THRU	0	0	0
53	103	82	4	4	4	4	THRU	0	0	0
53	103	92	4	4	1	1	RIGHT	0	0	0
53	103	92	4	4	2	2	RIGHT	0	0	0
53	93	82	1	1	1	1	LEFT	0	0	0
53	93	82	1	1	2	2	LEFT	0	0	0
53	93	92	1	1	1	1	THRU	0	0	0
53	93	92	2	2	2	2	THRU	0	0	0
53	93	103	2	2	3	3	RIGHT	0	0	0
53	93	103	2	2	4	4	RIGHT	0	0	0
53	92	103	1	1	1	1	LEFT	0	0	0
53	92	103	1	1	2	2	LEFT	0	0	0
53	92	93	1	1	1	1	THRU	0	0	0
53	92	93	2	2	2	2	THRU	0	0	0
53	92	82	2	2	3	3	RIGHT	0	0	0
53	92	82	2	2	4	4	RIGHT	0	0	0
53	82	92	1	1	1	1	LEFT	0	0	0
53	82	92	1	1	2	2	LEFT	0	0	0
53	82	103	1	1	1	1	THRU	0	0	0
53	82	103	2	2	2	2	THRU	0	0	0
53	82	103	3	3	3	3	THRU	0	0	0
53	82	103	4	4	4	4	THRU	0	0	0
53	82	93	4	4	1	1	RIGHT	0	0	0
53	82	93	4	4	2	2	RIGHT	0	0	0
54	104	94	1	1	1	1	LEFT	0	0	0
54	104	94	1	1	2	2	LEFT	0	0	0
54	104	83	1	1	1	1	THRU	0	0	0
54	104	83	2	2	2	2	THRU	0	0	0
54	104	93	2	2	1	1	RIGHT	0	0	0
54	104	93	2	2	2	2	RIGHT	0	0	0
54	94	83	1	1	1	1	LEFT	0	0	0
54	94	83	1	1	2	2	LEFT	0	0	0
54	94	93	1	1	1	1	THRU	0	0	0
54	94	93	2	2	2	2	THRU	0	0	0
54	94	104	2	2	1	1	RIGHT	0	0	0
54	94	104	2	2	2	2	RIGHT	0	0	0
54	93	104	1	1	1	1	LEFT	0	0	0
54	93	104	1	1	2	2	LEFT	0	0	0
54	93	94	1	1	1	1	THRU	0	0	0
54	93	94	2	2	2	2	THRU	0	0	0
54	93	83	2	2	1	1	RIGHT	0	0	0
54	93	83	2	2	2	2	RIGHT	0	0	0
54	83	93	1	1	1	1	LEFT	0	0	0
54	83	93	1	1	2	2	LEFT	0	0	0
54	83	104	1	1	1	1	THRU	0	0	0
54	83	104	2	2	2	2	THRU	0	0	0
54	83	94	2	2	1	1	RIGHT	0	0	0
54	83	94	2	2	2	2	RIGHT	0	0	0
55	105	84	1	1	1	1	THRU	0	0	0
55	105	84	2	2	2	2	THRU	0	0	0
55	105	94	2	2	1	1	RIGHT	0	0	0
55	105	94	2	2	2	2	RIGHT	0	0	0
55	94	105	1	1	1	1	LEFT	0	0	0
55	94	105	2	2	2	2	LEFT	0	0	0
55	94	84	2	2	1	1	RIGHT	0	0	0
55	94	84	2	2	2	2	RIGHT	0	0	0
55	84	94	1	1	1	1	LEFT	0	0	0
55	84	94	1	1	2	2	LEFT	0	0	0
55	84	105	1	1	1	1	THRU	0	0	0
55	84	105	2	2	2	2	THRU	0	0	0
56	116	106	1	1	1	1	LEFT	0	0	0
56	116	106	1	1	2	2	LEFT	0	0	0
56	116	95	1	1	1	1	THRU	0	0	0
56	116	95	2	2	2	2	THRU	0	0	0
56	106	95	1	1	1	1	LEFT	0	0	0
56	106	95	2	2	2	2	LEFT	0	0	0
56	106	95	3	3	2	2	LEFT	0	0	0
56	106	116	3	3	1	1	RIGHT	0	0	0
56	106	116	4	4	2	2	RIGHT	0	0	0
56	95	116	1	1	1	1	THRU	0	0	0
56	95	116	2	2	2	2	THRU	0	0	0
56	95	106	2	2	3	3	RIGHT	0	0	0
56	95	106	2	2	4	4	RIGHT	0	0	0
57	117	107	1	1	1	1	LEFT	0	0	0
57	117	107	1	1	2	2	LEFT	0	0	0
57	117	96	1	1	1	1	THRU	0	0	0
57	117	96	2	2	2	2	THRU	0	0	0
57	117	106	2	2	3	3	RIGHT	0	0	0
57	117	106	2	2	4	4	RIGHT	0	0	0
57	107	96	1	1	1	1	LEFT	0	0	0
57	107	96	1	1	2	2	LEFT	0	0	0
57	107	106	1	1	1	1	THRU	0	0	0
57	107	106	2	2	2	2	THRU	0	0	0
57	107	106	3	3	3	3	THRU	0	0	0
57	107	106	4	4	4	4	THRU	0	0	0
57	107	117	4	4	1	1	RIGHT	0	0	0
57	107	117	4	4	2	2	RIGHT	0	0	0
57	106	117	1	1	1	1	LEFT	0	0	0
57	106	117	1	1	2	2	LEFT	0	0	0
57	106	107	1	1	1	1	THRU	0	0	0
57	106	107	2	2	2	2	THRU	0	0	0
57	106	107	3	3	3	3	THRU	0	0	0
57	106	107	4	4	4	4	THRU	0	0	0
57	106	96	4	4	1	1	RIGHT	0	0	0
57	106	96	4	4	2	2	RIGHT	0	0	0
57	96	106	1	1	1	1	LEFT	0	0	0
57	96	106	1	1	2	2	LEFT	0	0	0
57	96	117	1	1	1	1	THRU	0	0	0
57	96	117	2	2	2	2	THRU	0	0	0
57	96	107	2	2	3	3	RIGHT	0	0	0
57	96	107	2	2	4	4	RIGHT	0	0	0
58	118	108	1	1	1	1	LEFT	0	0	0
58	118	108	1	1	2	2	LEFT	0	0	0
58	118	97	1	1	1	1	THRU	0	0	0
58	118	97	2	2	2	2	THRU	0	0	0
58	118	97	3	3	3	3	THRU	0	0	0
58	118	97	4	4	4	4	THRU	0	0	0
58	118	107	4	4	3	3	RIGHT	0	0	0
58	118	107	4	4	4	4	RIGHT	0	0	0
58	108	97	1	1	1	1	LEFT	0	0	0
58	108	97	1	1	2	2	LEFT	0	0	0
58	108	107	1	1	1	1	THRU	0	0	0
58	108	107	2	2	2	2	THRU	0	0	0
58	108	107	3	3	3	3	THRU	0	0	0
58	108	107	4	4	4	4	THRU	0	0	0
58	108	118	4	4	3	3	RIGHT	0	0	0
58	108	118	4	4	4	4	RIGHT	0	0	0
58	107	118	1	1	1	1	LEFT	0	0	0
58	107	118	1	1	2	2	LEFT	0	0	0
58	107	108	1	1	1	1	THRU	0	0	0
58	107	108	2	2	2	2	THRU	0	0	0
58	107	108	3	3	3	3	THRU	0	0	0
58	107	108	4	4	4	4	THRU	0	0	0
58	107	97	4	4	3	3	RIGHT	0	0	0
58	107	97	4	4	4	4	RIGHT	0	0	0
58	97	107	1	1	1	1	LEFT	0	0	0
58	97	107	1	1	2	2	LEFT	0	0	0
58	97	118	1	1	1	1	THRU	0	0	0
58	97	118	2	2	2	2	THRU	0	0	0
58	97	118	3	3	3	3	THRU	0	0	0
58	97	118	4	4	4	4	THRU	0	0	0
58	97	108	4	4	3	3	RIGHT	0	0	0
58	97	108	4	4	4	4	RIGHT	0	0	0
59	119	109	1	1	1	1	LEFT	0	0	0
59	119	109	1	1	2	2	LEFT	0	0	0
59	119	98	1	1	1	1	THRU	0	0	0
59	119	98	2	2	2	2	THRU	0	0	0
59	119	108	2	2	3	3	RIGHT	0	0	0
59	119	108	2	2	4	4	RIGHT	0	0	0
59	109	98	1	1	1	1	LEFT	0	0	0
59	109	98	1	1	2	2	LEFT	0	0	0
59	109	108	1	1	1	1	THRU	0	0	0
59	109	108	2	2	2	2	THRU	0	0	0
59	109	108	3	3	3	3	THRU	0	0	0
59	109	108	4	4	4	4	THRU	0	0	0
59	109	119	4	4	1	1	RIGHT	0	0	0
59	109	119	4	4	2	2	RIGHT	0	0	0
59	108	119	1	1	1	1	LEFT	0	0	0
59	108	119	1	1	2	2	LEFT	0	0	0
59	108	109	1	1	1	1	THRU	0	0	0
59	108	109	2	2	2	2	THRU	0	0	0
59	108	109	3	3	3	3	THRU	0	0	0
59	108	109	4	4	4	4	THRU	0	0	0
59	108	98	4	4	1	1	RIGHT	0	0	0
59	108	98	4	4	2	2	RIGHT	0	0	0
59	98	108	1	1	1	1	LEFT	0	0	0
59	98	108	1	1	2	2	LEFT	0	0	0
59	98	119	1	1	1	1	THRU	0	0	0
59	98	119	2	2	2	2	THRU	0	0	0
59	98	109	2	2	3	3	RIGHT	0	0	0
59	98	109	2	2	4	4	RIGHT	0	0	0
60	120	110	1	1	1	1	LEFT	0	0	0
60	120	110	1	1	2	2	LEFT	0	0	0
60	120	99	1	1	1	1	THRU	0	0	0
60	120	99	2	2	2	2	THRU	0	0	0
60	120	109	2	2	3	3	RIGHT	0	0	0
60	120	109	2	2	4	4	RIGHT	0	0	0
60	110	99	1	1	1	1	LEFT	0	0	0
60	110	99	1	1	2	2	LEFT	0	0	0
60	110	109	1	1	1	1	THRU	0	0	0
60	110	109	2	2	2	2	THRU	0	0	0
60	110	109	3	3	3	3	THRU	0	0	0
60	110	109	4	4	4	4	THRU	0	0	0
60	110	120	4	4	1	1	RIGHT	0	0	0
60	110	120	4	4	2	2	RIGHT	0	0	0
60	109	120	1	1	1	1	LEFT	0	0	0
60	109	120	1	1	2	2	LEFT	0	0	0
60	109	110	1	1	1	1	THRU	0	0	0
60	109	110	2	2	2	2	THRU	0	0	0
60	109	110	3	3	3	3	THRU	0	0	0
60	109	110	4	4	4	4	THRU	0	0	0
60	109	99	4	4	1	1	RIGHT	0	0	0
60	109	99	4	4	2	2	RIGHT	0	0	0
60	99	109	1	1	1	1	LEFT	0	0	0
60	99	109	1	1	2	2	LEFT	0	0	0
60	99	120	1	1	1	1	THRU	0	0	0
60	99	120	2	2	2	2	THRU	0	0	0
60	99	110	2	2	3	3	RIGHT	0	0	0
60	99	110	2	2	4	4	RIGHT	0	0	0
61	121	111	1	1	1	1	LEFT	0	0	0
61	121	111	1	1	2	2	LEFT	0	0	0
61	121	100	1	1	1	1	THRU	0	0	0
61	121	100	2	2	2	2	THRU	0	0	0
61	121	100	3	3	3	3	THRU	0	0	0
61	121	100	4	4	4	4	THRU	0	0	0
61	121	110	4	4	3	3	RIGHT	0	0	0
61	121	110	4	4	4	4	RIGHT	0	0	0
61	111	100	1	1	1	1	LEFT	0	0	0
61	111	100	1	1	2	2	LEFT	0	0	0
61	111	110	1	1	1	1	THRU	0	0	0
61	111	110	2	2	2	2	THRU	0	0	0
61	111	110	3	3	3	3	THRU	0	0	0
61	111	110	4	4	4	4	THRU	0	0	0
61	111	121	4	4	3	3	RIGHT	0	0	0
61	111	121	4	4	4	4	RIGHT	0	0	0
61	110	121	1	1	1	1	LEFT	0	0	0
61	110	121	1	1	2	2	LEFT	0	0	0
61	110	111	1	1	1	1	THRU	0	0	0
61	110	111	2	2	2	2	THRU	0	0	0
61	110	111	3	3	3	3	THRU	0	0	0
61	110	111	4	4	4	4	THRU	0	0	0
61	110	100	4	4	3	3	RIGHT	0	0	0
61	110	100	4	4	4	4	RIGHT	0	0	0
61	100	110	1	1	1	1	LEFT	0	0	0
61	100	110	1	1	2	2	LEFT	0	0	0
61	100	121	1	1	1	1	THRU	0	0	0
61	100	121	2	2	2	2	THRU	0	0	0
61	100	121	3	3	3	3	THRU	0	0	0
61	100	121	4	4	4	4	THRU	0	0	0
61	100	111	4	4	3	3	RIGHT	0	0	0
61	100	111	4	4	4	4	RIGHT	0	0	0
62	122	112	1	1	1	1	LEFT	0	0	0
62	122	112	1	1	2	2	LEFT	0	0	0
62	122	101	1	1	1	1	THRU	0	0	0
62	122	101	2	2	2	2	THRU	0	0	0
62	122	111	2	2	3	3	RIGHT	0	0	0
62	122	111	2	2	4	4	RIGHT	0	0	0
62	112	101	1	1	1	1	LEFT	0	0	0
62	112	101	1	1	2	2	LEFT	0	0	0
62	112	111	1	1	1	1	THRU	0	0	0
62	112	111	2	2	2	2	THRU	0	0	0
62	112	111	3	3	3	3	THRU	0	0	0
62	112	111	4	4	4	4	THRU	0	0	0
62	112	122	4	4	1	1	RIGHT	0	0	0
62	112	122	4	4	2	2	RIGHT	0	0	0
62	111	122	1	1	1	1	LEFT	0	0	0
62	111	122	1	1	2	2	LEFT	0	0	0
62	111	112	1	1	1	1	THRU	0	0	0
62	111	112	2	2	2	2	THRU	0	0	0
62	111	112	3	3	3	3	THRU	0	0	0
62	111	112	4	4	4	4	THRU	0	0	0
62	111	101	4	4	1	1	RIGHT	0	0	0
62	111	101	4	4	2	2	RIGHT	0	0	0
62	101	111	1	1	1	1	LEFT	0	0	0
62	101	111	1	1	2	2	LEFT	0	0	0
62	101	122	1	1	1	1	THRU	0	0	0
62	101	122	2	2	2	2	THRU	0	0	0
62	101	112	2	2	3	3	RIGHT	0	0	0
62	101	112	2	2	4	4	RIGHT	0	0	0
63	123	113	1	1	1	1	LEFT	0	0	0
63	123	113	1	1	2	2	LEFT	0	0	0
63	123	102	1	1	1	1	THRU	0	0	0
63	123	102	2	2	2	2	THRU	0	0	0
63	123	112	2	2	3	3	RIGHT	0	0	0
63	123	112	2	2	4	4	RIGHT	0	0	0
63	113	102	1	1	1	1	LEFT	0	0	0
63	113	102	1	1	2	2	LEFT	0	0	0
63	113	112	1	1	1	1	THRU	0	0	0
63	113	112	2	2	2	2	THRU	0	0	0
63	113	112	3	3	3	3	THRU	0	0	0
63	113	112	4	4	4	4	THRU	0	0	0
63	113	123	4	4	1	1	RIGHT	0	0	0
63	113	123	4	4	2	2	RIGHT	0	0	0
63	112	123	1	1	1	1	LEFT	0	0	0
63	112	123	1	1	2	2	LEFT	0	0	0
63	112	113	1	1	1	1	THRU	0	0	0
63	112	113	2	2	2	2	THRU	0	0	0
63	112	113	3	3	3	3	THRU	0	0	0
63	112	113	4	4	4	4	THRU	0	0	0
63	112	102	4	4	1	1	RIGHT	0	0	0
63	112	102	4	4	2	2	RIGHT	0	0	0
63	102	112	1	1	1	1	LEFT	0	0	0
63	102	112	1	1	2	2	LEFT	0	0	0
63	102	123	1	1	1	1	THRU	0	0	0
63	102	123	2	2	2	2	THRU	0	0	0
63	102	113	2	2	3	3	RIGHT	0	0	0
63	102	113	2	2	4	4	RIGHT	0	0	0
64	124	114	1	1	1	1	LEFT	0	0	0
64	124	114	1	1	2	2	LEFT	0	0	0
64	124	103	1	1	1	1	THRU	0	0	0
64	124	103	2	2	2	2	THRU	0	0	0
64	124	103	3	3	3	3	THRU	0	0	0
64	124	103	4	4	4	4	THRU	0	0	0
64	124	113	4	4	3	3	RIGHT	0	0	0
64	124	113	4	4	4	4	RIGHT	0	0	0
64	114	103	1	1	1	1	LEFT	0	0	0
64	114	103	1	1	2	2	LEFT	0	0	0
64	114	113	1	1	1	1	THRU	0	0	0
64	114	113	2	2	2	2	THRU	0	0	0
64	114	113	3	3	3	3	THRU	0	0	0
64	114	113	4	4	4	4	THRU	0	0	0
64	114	124	4	4	3	3	RIGHT	0	0	0
64	114	124	4	4	4	4	RIGHT	0	0	0
64	113	124	1	1	1	1	LEFT	0	0	0
64	113	124	1	1	2	2	LEFT	0	0	0
64	113	114	1	1	1	1	THRU	0	0	0
64	113	114	2	2	2	2	THRU	0	0	0
64	113	114	3	3	3	3	THRU	0	0	0
64	113	114	4	4	4	4	THRU	0	0	0
64	113	103	4	4	3	3	RIGHT	0	0	0
64	113	103	4	4	4	4	RIGHT	0	0	0
64	103	113	1	1	1	1	LEFT	0	0	0
64	103	113	1	1	2	2	LEFT	0	0	0
64	103	124	1	1	1	1	THRU	0	0	0
64	103	124	2	2	2	2	THRU	0	0	0
64	103	124	3	3	3	3	THRU	0	0	0
64	103	124	4	4	4	4	THRU	0	0	0
64	103	114	4	4	3	3	RIGHT	0	0	0
64	103	114	4	4	4	4	RIGHT	0	0	0
65	125	115	1	1	1	1	LEFT	0	0	0
65	125	115	1	1	2	2	LEFT	0	0	0
65	125	104	1	1	1	1	THRU	0	0	0
65	125	104	2	2	2	2	THRU	0	0	0
65	125	114	2	2	3	3	RIGHT	0	0	0
65	125	114	2	2	4	4	RIGHT	0	0	0
65	115	104	1	1	1	1	LEFT	0	0	0
65	115	104	1	1	2	2	LEFT	0	0	0
65	115	114	1	1	1	1	THRU	0	0	0
65	115	114	2	2	2	2	THRU	0	0	0
65	115	114	3	3	3	3	THRU	0	0	0
65	115	114	4	4	4	4	THRU	0	0	0
65	115	125	4	4	1	1	RIGHT	0	0	0
65	115	125	4	4	2	2	RIGHT	0	0	0
65	114	125	1	1	1	1	LEFT	0	0	0
65	114	125	1	1	2	2	LEFT	0	0	0
65	114	115	1	1	1	1	THRU	0	0	0
65	114	115	2	2	2	2	THRU	0	0	0
65	114	115	3	3	3	3	THRU	0	0	0
65	114	115	4	4	4	4	THRU	0	0	0
65	114	104	4	4	1	1	RIGHT	0	0	0
65	114	104	4	4	2	2	RIGHT	0	0	0
65	104	114	1	1	1	1	LEFT	0	0	0
65	104	114	1	1	2	2	LEFT	0	0	0
65	104	125	1	1	1	1	THRU	0	0	0
65	104	125	2	2	2	2	THRU	0	0	0
65	104	115	2	2	3	3	RIGHT	0	0	0
65	104	115	2	2	4	4	RIGHT	0	0	0
66	126	105	1	1	1	1	THRU	0	0	0
66	126	105	2	2	2	2	THRU	0	0	0
66	126	115	2	2	3	3	RIGHT	0	0	0
66	126	115	2	2	4	4	RIGHT	0	0	0
66	115	126	1	1	1	1	LEFT	0	0	0
66	115	126	2	2	2	2	LEFT	0	0	0
66	115	126	3	3	2	2	LEFT	0	0	0
66	115	105	3	3	1	1	RIGHT	0	0	0
66	115	105	4	4	2	2	RIGHT	0	0	0
66	105	115	1	1	1	1	LEFT	0	0	0
66	105	115	1	1	2	2	LEFT	0	0	0
66	105	126	1	1	1	1	THRU	0	0	0
66	105	126	2	2	2	2	THRU	0	0	0
67	137	127	1	1	1	1	LEFT	0	0	0
67	137	127	1	1	2	2	LEFT	0	0	0
67	137	116	1	1	1	1	THRU	0	0	0
67	137	116	2	2	2	2	THRU	0	0	0
67	127	116	1	1	1	1	LEFT	0	0	0
67	127	116	2	2	2	2	LEFT	0	0	0
67	127	137	2	2	1	1	RIGHT	0	0	0
67	127	137	2	2	2	2	RIGHT	0	0	0
67	116	137	1	1	1	1	THRU	0	0	0
67	116	137	2	2	2	2	THRU	0	0	0
67	116	127	2	2	1	1	RIGHT	0	0	0
67	116	127	2	2	2	2	RIGHT	0	0	0
68	138	128	1	1	1	1	LEFT	0	0	0
68	138	128	1	1	2	2	LEFT	0	0	0
68	138	117	1	1	1	1	THRU	0	0	0
68	138	117	2	2	2	2	THRU	0	0	0
68	138	127	2	2	1	1	RIGHT	0	0	0
68	138	127	2	2	2	2	RIGHT	0	0	0
68	128	117	1	1	1	1	LEFT	0	0	0
68	128	117	1	1	2	2	LEFT	0	0	0
68	128	127	1	1	1	1	THRU	0	0	0
68	128	127	2	2	2	2	THRU	0	0	0
68	128	138	2	2	1	1	RIGHT	0	0	0
68	128	138	2	2	2	2	RIGHT	0	0	0
68	127	138	1	1	1	1	LEFT	0	0	0
68	127	138	1	1	2	2	LEFT	0	0	0
68	127	128	1	1	1	1	THRU	0	0	0
68	127	128	2	2	2	2	THRU	0	0	0
68	127	117	2	2	1	1	RIGHT	0	0	0
68	127	117	2	2	2	2	RIGHT	0	0	0
68	117	127	1	1	1	1	LEFT	0	0	0
68	117	127	1	1	2	2	LEFT	0	0	0
68	117	138	1	1	1	1	THRU	0	0	0
68	117	138	2	2	2	2	THRU	0	0	0
68	117	128	2	2	1	1	RIGHT	0	0	0
68	117	128	2	2	2	2	RIGHT	0	0	0
69	139	129	1	1	1	1	LEFT	0	0	0
69	139	129	1	1	2	2	LEFT	0	0	0
69	139	118	1	1	1	1	THRU	0	0	0
69	139	118	2	2	2	2	THRU	0	0	0
69	139	118	3	3	3	3	THRU	0	0	0
69	139	118	4	4	4	4	THRU	0	0	0
69	139	128	4	4	1	1	RIGHT	0	0	0
69	139	128	4	4	2	2	RIGHT	0	0	0
69	129	118	1	1	1	1	LEFT	0	0	0
69	129	118	1	1	2	2	LEFT	0	0	0
69	129	128	1	1	1	1	THRU	0	0	0
69	129	128	2	2	2	2	THRU	0	0	0
69	129	139	2	2	3	3	RIGHT	0	0	0
69	129	139	2	2	4	4	RIGHT	0	0	0
69	128	139	1	1	1	1	LEFT	0	0	0
69	128	139	1	1	2	2	LEFT	0	0	0
69	128	129	1	1	1	1	THRU	0	0	0
69	128	129	2	2	2	2	THRU	0	0	0
69	128	118	2	2	3	3	RIGHT	0	0	0
69	128	118	2	2	4	4	RIGHT	0	0	0
69	118	128	1	1	1	1	LEFT	0	0	0
69	118	128	1	1	2	2	LEFT	0	0	0
69	118	139	1	1	1	1	THRU	0	0	0
69	118	139	2	2	2	2	THRU	0	0	0
69	118	139	3	3	3	3	THRU	0	0	0
69	118	139	4	4	4	4	THRU	0	0	0
69	118	129	4	4	1	1	RIGHT	0	0	0
69	118	129	4	4	2	2	RIGHT	0	0	0
70	140	130	1	1	1	1	LEFT	0	0	0
70	140	130	1	1	2	2	LEFT	0	0	0
70	140	119	1	1	1	1	THRU	0	0	0
70	140	119	2	2	2	2	THRU	0	0	0
70	140	129	2	2	1	1	RIGHT	0	0	0
70	140	129	2	2	2	2	RIGHT	0	0	0
70	130	119	1	1	1	1	LEFT	0	0	0
70	130	119	1	1	2	2	LEFT	0	0	0
70	130	129	1	1	1	1	THRU	0	0	0
70	130	129	2	2	2	2	THRU	0	0	0
70	130	140	2	2	1	1	RIGHT	0	0	0
70	130	140	2	2	2	2	RIGHT	0	0	0
70	129	140	1	1	1	1	LEFT	0	0	0
70	129	140	1	1	2	2	LEFT	0	0	0
70	129	130	1	1	1	1	THRU	0	0	0
70	129	130	2	2	2	2	THRU	0	0	0
70	129	119	2	2	1	1	RIGHT	0	0	0
70	129	119	2	2	2	2	RIGHT	0	0	0
70	119	129	1	1	1	1	LEFT	0	0	0
70	119	129	1	1	2	2	LEFT	0	0	0
70	119	140	1	1	1	1	THRU	0	0	0
70	119	140	2	2	2	2	THRU	0	0	0
70	119	130	2	2	1	1	RIGHT	0	0	0
70	119	130	2	2	2	2	RIGHT	0	0	0
71	141	131	1	1	1	1	LEFT	0	0	0
71	141	131	1	1	2	2	LEFT	0	0	0
71	141	120	1	1	1	1	THRU	0	0	0
71	141	120	2	2	2	2	THRU	0	0	0
71	141	130	2	2	1	1	RIGHT	0	0	0
71	141	130	2	2	2	2	RIGHT	0	0	0
71	131	120	1	1	1	1	LEFT	0	0	0
71	131	120	1	1	2	2	LEFT	0	0	0
71	131	130	1	1	1	1	THRU	0	0	0
71	131	130	2	2	2	2	THRU	0	0	0
71	131	141	2	2	1	1	RIGHT	0	0	0
71	131	141	2	2	2	2	RIGHT	0	0	0
71	130	141	1	1	1	1	LEFT	0	0	0
71	130	141	1	1	2	2	LEFT	0	0	0
71	130	131	1	1	1	1	THRU	0	0	0
71	130	131	2	2	2	2	THRU	0	0	0
71	130	120	2	2	1	1	RIGHT	0	0	0
71	130	120	2	2	2	2	RIGHT	0	0	0
71	120	130	1	1	1	1	LEFT	0	0	0
71	120	130	1	1	2	2	LEFT	0	0	0
71	120	141	1	1	1	1	THRU	0	0	0
71	120	141	2	2	2	2	THRU	0	0	0
71	120	131	2	2	1	1	RIGHT	0	0	0
71	120	131	2	2	2	2	RIGHT	0	0	0
72	142	132	1	1	1	1	LEFT	0	0	0
72	142	132	1	1	2	2	LEFT	0	0	0
72	142	121	1	1	1	1	THRU	0	0	0
72	142	121	2	2	2	2	THRU	0	0	0
72	142	121	3	3	3	3	THRU	0	0	0
72	142	121	4	4	4	4	THRU	0	0	0
72	142	131	4	4	1	1	RIGHT	0	0	0
72	142	131	4	4	2	2	RIGHT	0	0	0
72	132	121	1	1	1	1	LEFT	0	0	0
72	132	121	1	1	2	2	LEFT	0	0	0
72	132	131	1	1	1	1	THRU	0	0	0
72	132	131	2	2	2	2	THRU	0	0	0
72	132	142	2	2	3	3	RIGHT	0	0	0
72	132	142	2	2	4	4	RIGHT	0	0	0
72	131	142	1	1	1	1	LEFT	0	0	0
72	131	142	1	1	2	2	LEFT	0	0	0
72	131	132	1	1	1	1	THRU	0	0	0
72	131	132	2	2	2	2	THRU	0	0	0
72	131	121	2	2	3	3	RIGHT	0	0	0
72	131	121	2	2	4	4	RIGHT	0	0	0
72	121	131	1	1	1	1	LEFT	0	0	0
72	121	131	1	1	2	2	LEFT	0	0	0
72	121	142	1	1	1	1	THRU	0	0	0
72	121	142	2	2	2	2	THRU	0	0	0
72	121	142	3	3	3	3	THRU	0	0	0
72	121	142	4	4	4	4	THRU	0	0	0
72	121	132	4	4	1	1	RIGHT	0	0	0
72	121	132	4	4	2	2	RIGHT	0	0	0
73	143	133	1	1	1	1	LEFT	0	0	0
73	143	133	1	1	2	2	LEFT	0	0	0
73	143	122	1	1	1	1	THRU	0	0	0
73	143	122	2	2	2	2	THRU	0	0	0
73	143	132	2	2	1	1	RIGHT	0	0	0
73	143	132	2	2	2	2	RIGHT	0	0	0
73	133	122	1	1	1	1	LEFT	0	0	0
73	133	122	1	1	2	2	LEFT	0	0	0
73	133	132	1	1	1	1	THRU	0	0	0
73	133	132	2	2	2	2	THRU	0	0	0
73	133	143	2	2	1	1	RIGHT	0	0	0
73	133	143	2	2	2	2	RIGHT	0	0	0
73	132	143	1	1	1	1	LEFT	0	0	0
73	132	143	1	1	2	2	LEFT	0	0	0
73	132	133	1	1	1	1	THRU	0	0	0
73	132	133	2	2	2	2	THRU	0	0	0
73	132	122	2	2	1	1	RIGHT	0	0	0
73	132	122	2	2	2	2	RIGHT	0	0	0
73	122	132	1	1	1	1	LEFT	0	0	0
73	122	132	1	1	2	2	LEFT	0	0	0
73	122	143	1	1	1	1	THRU	0	0	0
73	122	143	2	2	2	2	THRU	0	0	0
73	122	133	2	2	1	1	RIGHT	0	0	0
73	122	133	2	2	2	2	RIGHT	0	0	0
74	144	134	1	1	1	1	LEFT	0	0	0
74	144	134	1	1	2	2	LEFT	0	0	0
74	144	123	1	1	1	1	THRU	0	0	0
74	144	123	2	2	2	2	THRU	0	0	0
74	144	133	2	2	1	1	RIGHT	0	0	0
74	144	133	2	2	2	2	RIGHT	0	0	0
74	134	123	1	1	1	1	LEFT	0	0	0
74	134	123	1	1	2	2	LEFT	0	0	0
74	134	133	1	1	1	1	THRU	0	0	0
74	134	133	2	2	2	2	THRU	0	0	0
74	134	144	2	2	1	1	RIGHT	0	0	0
74	134	144	2	2	2	2	RIGHT	0	0	0
74	133	144	1	1	1	1	LEFT	0	0	0
74	133	144	1	1	2	2	LEFT	0	0	0
74	133	134	1	1	1	1	THRU	0	0	0
74	133	134	2	2	2	2	THRU	0	0	0
74	133	123	2	2	1	1	RIGHT	0	0	0
74	133	123	2	2	2	2	RIGHT	0	0	0
74	123	133	1	1	1	1	LEFT	0	0	0
74	123	133	1	1	2	2	LEFT	0	0	0
74	123	144	1	1	1	1	THRU	0	0	0
74	123	144	2	2	2	2	THRU	0	0	0
74	123	134	2	2	1	1	RIGHT	0	0	0
74	123	134	2	2	2	2	RIGHT	0	0	0
75	145	135	1	1	1	1	LEFT	0	0	0
75	145	135	1	1	2	2	LEFT	0	0	0
75	145	124	1	1	1	1	THRU	0	0	0
75	145	124	2	2	2	2	THRU	0	0	0
75	145	124	3	3	3	3	THRU	0	0	0
75	145	124	4	4	4	4	THRU	0	0	0
75	145	134	4	4	1	1	RIGHT	0	0	0
75	145	134	4	4	2	2	RIGHT	0	0	0
75	135	124	1	1	1	1	LEFT	0	0	0
75	135	124	1	1	2	2	LEFT	0	0	0
75	135	134	1	1	1	1	THRU	0	0	0
75	135	134	2	2	2	2	THRU	0	0	0
75	135	145	2	2	3	3	RIGHT	0	0	0
75	135	145	2	2	4	4	RIGHT	0	0	0
75	134	145	1	1	1	1	LEFT	0	0	0
75	134	145	1	1	2	2	LEFT	0	0	0
75	134	135	1	1	1	1	THRU	0	0	0
75	134	135	2	2	2	2	THRU	0	0	0
75	134	124	2	2	3	3	RIGHT	0	0	0
75	134	124	2	2	4	4	RIGHT	0	0	0
75	124	134	1	1	1	1	LEFT	0	0	0
75	124	134	1	1	2	2	LEFT	0	0	0
75	124	145	1	1	1	1	THRU	0	0	0
75	124	145	2	2	2	2	THRU	0	0	0
75	124	145	3	3	3	3	THRU	0	0	0
75	124	145	4	4	4	4	THRU	0	0	0
75	124	135	4	4	1	1	RIGHT	0	0	0
75	124	135	4	4	2	2	RIGHT	0	0	0
76	146	136	1	1	1	1	LEFT	0	0	0
76	146	136	1	1	2	2	LEFT	0	0	0
76	146	125	1	1	1	1	THRU	0	0	0
76	146	125	2	2	2	2	THRU	0	0	0
76	146	135	2	2	1	1	RIGHT	0	0	0
76	146	135	2	2	2	2	RIGHT	0	0	0
76	136	125	1	1	1	1	LEFT	0	0	0
76	136	125	1	1	2	2	LEFT	0	0	0
76	136	135	1	1	1	1	THRU	0	0	0
76	136	135	2	2	2	2	THRU	0	0	0
76	136	146	2	2	1	1	RIGHT	0	0	0
76	136	146	2	2	2	2	RIGHT	0	0	0
76	135	146	1	1	1	1	LEFT	0	0	0
76	135	146	1	1	2	2	LEFT	0	0	0
76	135	136	1	1	1	1	THRU	0	0	0
76	135	136	2	2	2	2	THRU	0	0	0
76	135	125	2	2	1	1	RIGHT	0	0	0
76	135	125	2	2	2	2	RIGHT	0	0	0
76	125	135	1	1	1	1	LEFT	0	0	0
76	125	135	1	1	2	2	LEFT	0	0	0
76	125	146	1	1	1	1	THRU	0	0	0
76	125	146	2	2	2	2	THRU	0	0	0
76	125	136	2	2	1	1	RIGHT	0	0	0
76	125	136	2	2	2	2	RIGHT	0	0	0
77	147	126	1	1	1	1	THRU	0	0	0
77	147	126	2	2	2	2	THRU	0	0	0
77	147	136	2	2	1	1	RIGHT	0	0	0
77	147	136	2	2	2	2	RIGHT	0	0	0
77	136	147	1	1	1	1	LEFT	0	0	0
77	136	147	2	2	2	2	LEFT	0	0	0
77	136	126	2	2	1	1	RIGHT	0	0	0
77	136	126	2	2	2	2	RIGHT	0	0	0
77	126	136	1	1	1	1	LEFT	0	0	0
77	126	136	1	1	2	2	LEFT	0	0	0
77	126	147	1	1	1	1	THRU	0	0	0
77	126	147	2	2	2	2	THRU	0	0	0
78	158	148	1	1	1	1	LEFT	0	0	0
78	158	148	1	1	2	2	LEFT	0	0	0
78	158	137	1	1	1	1	THRU	0	0	0
78	158	137	2	2	2	2	THRU	0	0	0
78	148	137	1	1	1	1	LEFT	0	0	0
78	148	137	2	2	2	2	LEFT	0	0	0
78	148	158	2	2	1	1	RIGHT	0	0	0
78	148	158	2	2	2	2	RIGHT	0	0	0
78	137	158	1	1	1	1	THRU	0	0	0
78	137	158	2	2	2	2	THRU	0	0	0
78	137	148	2	2	1	1	RIGHT	0	0	0
78	137	148	2	2	2	2	RIGHT	0	0	0
79	159	149	1	1	1	1	LEFT	0	0	0
79	159	149	1	1	2	2	LEFT	0	0	0
79	159	138	1	1	1	1	THRU	0	0	0
79	159	138	2	2	2	2	THRU	0	0	0
79	159	148	2	2	1	1	RIGHT	0	0	0
79	159	148	2	2	2	2	RIGHT	0	0	0
79	149	138	1	1	1	1	LEFT	0	0	0
79	149	138	1	1	2	2	LEFT	0	0	0
79	149	148	1	1	1	1	THRU	0	0	0
79	149	148	2	2	2	2	THRU	0	0	0
79	149	159	2	2	1	1	RIGHT	0	0	0
79	149	159	2	2	2	2	RIGHT	0	0	0
79	148	159	1	1	1	1	LEFT	0	0	0
79	148	159	1	1	2	2	LEFT	0	0	0
79	148	149	1	1	1	1	THRU	0	0	0
79	148	149	2	2	2	2	THRU	0	0	0
79	148	138	2	2	1	1	RIGHT	0	0	0
79	148	138	2	2	2	2	RIGHT	0	0	0
79	138	148	1	1	1	1	LEFT	0	0	0
79	138	148	1	1	2	2	LEFT	0	0	0
79	138	159	1	1	1	1	THRU	0	0	0
79	138	159	2	2	2	2	THRU	0	0	0
79	138	149	2	2	1	1	RIGHT	0	0	0
79	138	149	2	2	2	2	RIGHT	0	0	0
80	160	150	1	1	1	1	LEFT	0	0	0
80	160	150	1	1	2	2	LEFT	0	0	0
80	160	139	1	1	1	1	THRU	0	0	0
80	160	139	2	2	2	2	THRU	0	0	0
80	160	139	3	3	3	3	THRU	0	0	0
80	160	139	4	4	4	4	THRU	0	0	0
80	160	149	4	4	1	1	RIGHT	0	0	0
80	160	149	4	4	2	2	RIGHT	0	0	0
80	150	139	1	1	1	1	LEFT	0	0	0
80	150	139	1	1	2	2	LEFT	0	0	0
80	150	149	1	1	1	1	THRU	0	0	0
80	150	149	2	2	2	2	THRU	0	0	0
80	150	160	2	2	3	3	RIGHT	0	0	0
80	150	160	2	2	4	4	RIGHT	0	0	0
80	149	160	1	1	1	1	LEFT	0	0	0
80	149	160	1	1	2	2	LEFT	0	0	0
80	149	150	1	1	1	1	THRU	0	0	0
80	149	150	2	2	2	2	THRU	0	0	0
80	149	139	2	2	3	3	RIGHT	0	0	0
80	149	139	2	2	4	4	RIGHT	0	0	0
80	139	149	1	1	1	1	LEFT	0	0	0
80	139	149	1	1	2	2	LEFT	0	0	0
80	139	160	1	1	1	1	THRU	0	0	0
80	139	160	2	2	2	2	THRU	0	0	0
80	139	160	3	3	3	3	THRU	0	0	0
80	139	160	4	4	4	4	THRU	0	0	0
80	139	150	4	4	1	1	RIGHT	0	0	0
80	139	150	4	4	2	2	RIGHT	0	0	0
81	161	151	1	1	1	1	LEFT	0	0	0
81	161	151	1	1	2	2	LEFT	0	0	0
81	161	140	1	1	1	1	THRU	0	0	0
81	161	140	2	2	2	2	THRU	0	0	0
81	161	150	2	2	1	1	RIGHT	0	0	0
81	161	150	2	2	2	2	RIGHT	0	0	0
81	151	140	1	1	1	1	LEFT	0	0	0
81	151	140	1	1	2	2	LEFT	0	0	0
81	151	150	1	1	1	1	THRU	0	0	0
81	151	150	2	2	2	2	THRU	0	0	0
81	151	161	2	2	1	1	RIGHT	0	0	0
81	151	161	2	2	2	2	RIGHT	0	0	0
81	150	161	1	1	1	1	LEFT	0	0	0
81	150	161	1	1	2	2	LEFT	0	0	0
81	150	151	1	1	1	1	THRU	0	0	0
81	150	151	2	2	2	2	THRU	0	0	0
81	150	140	2	2	1	1	RIGHT	0	0	0
81	150	140	2	2	2	2	RIGHT	0	0	0
81	140	150	1	1	1	1	LEFT	0	0	0
81	140	150	1	1	2	2	LEFT	0	0	0
81	140	161	1	1	1	1	THRU	0	0	0
81	140	161	2	2	2	2	THRU	0	0	0
81	140	151	2	2	1	1	RIGHT	0	0	0
81	140	151	2	2	2	2	RIGHT	0	0	0
82	162	152	1	1	1	1	LEFT	0	0	0
82	162	152	1	1	2	2	LEFT	0	0	0
82	162	141	1	1	1	1	THRU	0	0	0
82	162	141	2	2	2	2	THRU	0	0	0
82	162	151	2	2	1	1	RIGHT	0	0	0
82	162	151	2	2	2	2	RIGHT	0	0	0
82	152	141	1	1	1	1	LEFT	0	0	0
82	152	141	1	1	2	2	LEFT	0	0	0
82	152	151	1	1	1	1	THRU	0	0	0
82	152	151	2	2	2	2	THRU	0	0	0
82	152	162	2	2	1	1	RIGHT	0	0	0
82	152	162	2	2	2	2	RIGHT	0	0	0
82	151	162	1	1	1	1	LEFT	0	0	0
82	151	162	1	1	2	2	LEFT	0	0	0
82	151	152	1	1	1	1	THRU	0	0	0
82	151	152	2	2	2	2	THRU	0	0	0
82	151	141	2	2	1	1	RIGHT	0	0	0
82	151	141	2	2	2	2	RIGHT	0	0	0
82	141	151	1	1	1	1	LEFT	0	0	0
82	141	151	1	1	2	2	LEFT	0	0	0
82	141	162	1	1	1	1	THRU	0	0	0
82	141	162	2	2	2	2	THRU	0	0	0
82	141	152	2	2	1	1	RIGHT	0	0	0
82	141	152	2	2	2	2	RIGHT	0	0	0
83	163	153	1	1	1	1	LEFT	0	0	0
83	163	153	1	1	2	2	LEFT	0	0	0
83	163	142	1	1	1	1	THRU	0	0	0
83	163	142	2	2	2	2	THRU	0	0	0
83	163	142	3	3	3	3	THRU	0	0	0
83	163	142	4	4	4	4	THRU	0	0	0
83	163	152	4	4	1	1	RIGHT	0	0	0
83	163	152	4	4	2	2	RIGHT	0	0	0
83	153	142	1	1	1	1	LEFT	0	0	0
83	153	142	1	1	2	2	LEFT	0	0	0
83	153	152	1	1	1	1	THRU	0	0	0
83	153	152	2	2	2	2	THRU	0	0	0
83	153	163	2	2	3	3	RIGHT	0	0	0
83	153	163	2	2	4	4	RIGHT	0	0	0
83	152	163	1	1	1	1	LEFT	0	0	0
83	152	163	1	1	2	2	LEFT	0	0	0
83	152	153	1	1	1	1	THRU	0	0	0
83	152	153	2	2	2	2	THRU	0	0	0
83	152	142	2	2	3	3	RIGHT	0	0	0
83	152	142	2	2	4	4	RIGHT	0	0	0
83	142	152	1	1	1	1	LEFT	0	0	0
83	142	152	1	1	2	2	LEFT	0	0	0
83	142	163	1	1	1	1	THRU	0	0	0
83	142	163	2	2	2	2	THRU	0	0	0
83	142	163	3	3	3	3	THRU	0	0	0
83	142	163	4	4	4	4	THRU	0	0	0
83	142	153	4	4	1	1	RIGHT	0	0	0
83	142	153	4	4	2	2	RIGHT	0	0	0
84	164	154	1	1	1	1	LEFT	0	0	0
84	164	154	1	1	2	2	LEFT	0	0	0
84	164	143	1	1	1	1	THRU	0	0	0
84	164	143	2	2	2	2	THRU	0	0	0
84	164	153	2	2	1	1	RIGHT	0	0	0
84	164	153	2	2	2	2	RIGHT	0	0	0
84	154	143	1	1	1	1	LEFT	0	0	0
84	154	143	1	1	2	2	LEFT	0	0	0
84	154	153	1	1	1	1	THRU	0	0	0
84	154	153	2	2	2	2	THRU	0	0	0
84	154	164	2	2	1	1	RIGHT	0	0	0
84	154	164	2	2	2	2	RIGHT	0	0	0
84	153	164	1	1	1	1	LEFT	0	0	0
84	153	164	1	1	2	2	LEFT	0	0	0
84	153	154	1	1	1	1	THRU	0	0	0
84	153	154	2	2	2	2	THRU	0	0	0
84	153	143	2	2	1	1	RIGHT	0	0	0
84	153	143	2	2	2	2	RIGHT	0	0	0
84	143	153	1	1	1	1	LEFT	0	0	0
84	143	153	1	1	2	2	LEFT	0	0	0
84	143	164	1	1	1	1	THRU	0	0	0
84	143	164	2	2	2	2	THRU	0	0	0
84	143	154	2	2	1	1	RIGHT	0	0	0
84	143	154	2	2	2	2	RIGHT	0	0	0
85	165	155	1	1	1	1	LEFT	0	0	0
85	165	155	1	1	2	2	LEFT	0	0	0
85	165	144	1	1	1	1	THRU	0	0	0
85	165	144	2	2	2	2	THRU	0	0	0
85	165	154	2	2	1	1	RIGHT	0	0	0
85	165	154	2	2	2	2	RIGHT	0	0	0
85	155	144	1	1	1	1	LEFT	0	0	0
85	155	144	1	1	2	2	LEFT	0	0	0
85	155	154	1	1	1	1	THRU	0	0	0
85	155	154	2	2	2	2	THRU	0	0	0
85	155	165	2	2	1	1	RIGHT	0	0	0
85	155	165	2	2	2	2	RIGHT	0	0	0
85	154	165	1	1	1	1	LEFT	0	0	0
85	154	165	1	1	2	2	LEFT	0	0	0
85	154	155	1	1	1	1	THRU	0	0	0
85	154	155	2	2	2	2	THRU	0	0	0
85	154	144	2	2	1	1	RIGHT	0	0	0
85	154	144	2	2	2	2	RIGHT	0	0	0
85	144	154	1	1	1	1	LEFT	0	0	0
85	144	154	1	1	2	2	LEFT	0	0	0
85	144	165	1	1	1	1	THRU	0	0	0
85	144	165	2	2	2	2	THRU	0	0	0
85	144	155	2	2	1	1	RIGHT	0	0	0
85	144	155	2	2	2	2	RIGHT	0	0	0
86	166	156	1	1	1	1	LEFT	0	0	0
86	166	156	1	1	2	2	LEFT	0	0	0
86	166	145	1	1	1	1	THRU	0	0	0
86	166	145	2	2	2	2	THRU	0	0	0
86	166	145	3	3	3	3	THRU	0	0	0
86	166	145	4	4	4	4	THRU	0	0	0
86	166	155	4	4	1	1	RIGHT	0	0	0
86	166	155	4	4	2	2	RIGHT	0	0	0
86	156	145	1	1	1	1	LEFT	0	0	0
86	156	145	1	1	2	2	LEFT	0	0	0
86	156	155	1	1	1	1	THRU	0	0	0
86	156	155	2	2	2	2	THRU	0	0	0
86	156	166	2	2	3	3	RIGHT	0	0	0
86	156	166	2	2	4	4	RIGHT	0	0	0
86	155	166	1	1	1	1	LEFT	0	0	0
86	155	166	1	1	2	2	LEFT	0	0	0
86	155	156	1	1	1	1	THRU	0	0	0
86	155	156	2	2	2	2	THRU	0	0	0
86	155	145	2	2	3	3	RIGHT	0	0	0
86	155	145	2	2	4	4	RIGHT	0	0	0
86	145	155	1	1	1	1	LEFT	0	0	0
86	145	155	1	1	2	2	LEFT	0	0	0
86	145	166	1	1	1	1	THRU	0	0	0
86	145	166	2	2	2	2	THRU	0	0	0
86	145	166	3	3	3	3	THRU	0	0	0
86	145	166	4	4	4	4	THRU	0	0	0
86	145	156	4	4	1	1	RIGHT	0	0	0
86	145	156	4	4	2	2	RIGHT	0	0	0
87	167	157	1	1	1	1	LEFT	0	0	0
87	167	157	1	1	2	2	LEFT	0	0	0
87	167	146	1	1	1	1	THRU	0	0	0
87	167	146	2	2	2	2	THRU	0	0	0
87	167	156	2	2	1	1	RIGHT	0	0	0
87	167	156	2	2	2	2	RIGHT	0	0	0
87	157	146	1	1	1	1	LEFT	0	0	0
87	157	146	1	1	2	2	LEFT	0	0	0
87	157	156	1	1	1	1	THRU	0	0	0
87	157	156	2	2	2	2	THRU	0	0	0
87	157	167	2	2	1	1	RIGHT	0	0	0
87	157	167	2	2	2	2	RIGHT	0	0	0
87	156	167	1	1	1	1	LEFT	0	0	0
87	156	167	1	1	2	2	LEFT	0	0	0
87	156	157	1	1	1	1	THRU	0	0	0
87	156	157	2	2	2	2	THRU	0	0	0
87	156	146	2	2	1	1	RIGHT	0	0	0
87	156	146	2	2	2	2	RIGHT	0	0	0
87	146	156	1	1	1	1	LEFT	0	0	0
87	146	156	1	1	2	2	LEFT	0	0	0
87	146	167	1	1	1	1	THRU	0	0	0
87	146	167	2	2	2	2	THRU	0	0	0
87	146	157	2	2	1	1	RIGHT	0	0	0
87	146	157	2	2	2	2	RIGHT	0	0	0
88	168	147	1	1	1	1	THRU	0	0	0
88	168	147	2	2	2	2	THRU	0	0	0
88	168	157	2	2	1	1	RIGHT	0	0	0
88	168	157	2	2	2	2	RIGHT	0	0	0
88	157	168	1	1	1	1	LEFT	0	0	0
88	157	168	2	2	2	2	LEFT	0	0	0
88	157	147	2	2	1	1	RIGHT	0	0	0
88	157	147	2	2	2	2	RIGHT	0	0	0
88	147	157	1	1	1	1	LEFT	0	0	0
88	147	157	1	1	2	2	LEFT	0	0	0
88	147	168	1	1	1	1	THRU	0	0	0
88	147	168	2	2	2	2	THRU	0	0	0
89	179	169	1	1	1	1	LEFT	0	0	0
89	179	169	1	1	2	2	LEFT	0	0	0
89	179	158	1	1	1	1	THRU	0	0	0
89	179	158	2	2	2	2	THRU	0	0	0
89	169	158	1	1	1	1	LEFT	0	0	0
89	169	158	2	2	2	2	LEFT	0	0	0
89	169	158	3	3	2	2	LEFT	0	0	0
89	169	179	3	3	1	1	RIGHT	0	0	0
89	169	179	4	4	2	2	RIGHT	0	0	0
89	158	179	1	1	1	1	THRU	0	0	0
89	158	179	2	2	2	2	THRU	0	0	0
89	158	169	2	2	3	3	RIGHT	0	0	0
89	158	169	2	2	4	4	RIGHT	0	0	0
90	180	170	1	1	1	1	LEFT	0	0	0
90	180	170	1	1	2	2	LEFT	0	0	0
90	180	159	1	1	1	1	THRU	0	0	0
90	180	159	2	2	2	2	THRU	0	0	0
90	180	169	2	2	3	3	RIGHT	0	0	0
90	180	169	2	2	4	4	RIGHT	0	0	0
90	170	159	1	1	1	1	LEFT	0	0	0
90	170	159	1	1	2	2	LEFT	0	0	0
90	170	169	1	1	1	1	THRU	0	0	0
90	170	169	2	2	2	2	THRU	0	0	0
90	170	169	3	3	3	3	THRU	0	0	0
90	170	169	4	4	4	4	THRU	0	0	0
90	170	180	4	4	1	1	RIGHT	0	0	0
90	170	180	4	4	2	2	RIGHT	0	0	0
90	169	180	1	1	1	1	LEFT	0	0	0
90	169	180	1	1	2	2	LEFT	0	0	0
90	169	170	1	1	1	1	THRU	0	0	0
90	169	170	2	2	2	2	THRU	0	0	0
90	169	170	3	3	3	3	THRU	0	0	0
90	169	170	4	4	4	4	THRU	0	0	0
90	169	159	4	4	1	1	RIGHT	0	0	0
90	169	159	4	4	2	2	RIGHT	0	0	0
90	159	169	1	1	1	1	LEFT	0	0	0
90	159	169	1	1	2	2	LEFT	0	0	0
90	159	180	1	1	1	1	THRU	0	0	0
90	159	180	2	2	2	2	THRU	0	0	0
90	159	170	2	2	3	3	RIGHT	0	0	0
90	159	170	2	2	4	4	RIGHT	0	0	0
91	181	171	1	1	1	1	LEFT	0	0	0
91	181	171	1	1	2	2	LEFT	0	0	0
91	181	160	1	1	1	1	THRU	0	0	0
91	181	160	2	2	2	2	THRU	0	0	0
91	181	160	3	3	3	3	THRU	0	0	0
91	181	160	4	4	4	4	THRU	0	0	0
91	181	170	4	4	3	3	RIGHT	0	0	0
91	181	170	4	4	4	4	RIGHT	0	0	0
91	171	160	1	1	1	1	LEFT	0	0	0
91	171	160	1	1	2	2	LEFT	0	0	0
91	171	170	1	1	1	1	THRU	0	0	0
91	171	170	2	2	2	2	THRU	0	0	0
91	171	170	3	3	3	3	THRU	0	0	0
91	171	170	4	4	4	4	THRU	0	0	0
91	171	181	4	4	3	3	RIGHT	0	0	0
91	171	181	4	4	4	4	RIGHT	0	0	0
91	170	181	1	1	1	1	LEFT	0	0	0
91	170	181	1	1	2	2	LEFT	0	0	0
91	170	171	1	1	1	1	THRU	0	0	0
91	170	171	2	2	2	2	THRU	0	0	0
91	170	171	3	3	3	3	THRU	0	0	0
91	170	171	4	4	4	4	THRU	0	0	0
91	170	160	4	4	3	3	RIGHT	0	0	0
91	170	160	4	4	4	4	RIGHT	0	0	0
91	160	170	1	1	1	1	LEFT	0	0	0
91	160	170	1	1	2	2	LEFT	0	0	0
91	160	181	1	1	1	1	THRU	0	0	0
91	160	181	2	2	2	2	THRU	0	0	0
91	160	181	3	3	3	3	THRU	0	0	0
91	160	181	4	4	4	4	THRU	0	0	0
91	160	171	4	4	3	3	RIGHT	0	0	0
91	160	171	4	4	4	4	RIGHT	0	0	0
92	182	172	1	1	1	1	LEFT	0	0	0
92	182	172	1	1	2	2	LEFT	0	0	0
92	182	161	1	1	1	1	THRU	0	0	0
92	182	161	2	2	2	2	THRU	0	0	0
92	182	171	2	2	3	3	RIGHT	0	0	0
92	182	171	2	2	4	4	RIGHT	0	0	0
92	172	161	1	1	1	1	LEFT	0	0	0
92	172	161	1	1	2	2	LEFT	0	0	0
92	172	171	1	1	1	1	THRU	0	0	0
92	172	171	2	2	2	2	THRU	0	0	0
92	172	171	3	3	3	3	THRU	0	0	0
92	172	171	4	4	4	4	THRU	0	0	0
92	172	182	4	4	1	1	RIGHT	0	0	0
92	172	182	4	4	2	2	RIGHT	0	0	0
92	171	182	1	1	1	1	LEFT	0	0	0
92	171	182	1	1	2	2	LEFT	0	0	0
92	171	172	1	1	1	1	THRU	0	0	0
92	171	172	2	2	2	2	THRU	0	0	0
92	171	172	3	3	3	3	THRU	0	0	0
92	171	172	4	4	4	4	THRU	0	0	0
92	171	161	4	4	1	1	RIGHT	0	0	0
92	171	161	4	4	2	2	RIGHT	0	0	0
92	161	171	1	1	1	1	LEFT	0	0	0
92	161	171	1	1	2	2	LEFT	0	0	0
92	161	182	1	1	1	1	THRU	0	0	0
92	161	182	2	2	2	2	THRU	0	0	0
92	161	172	2	2	3	3	RIGHT	0	0	0
92	161	172	2	2	4	4	RIGHT	0	0	0
93	183	173	1	1	1	1	LEFT	0	0	0
93	183	173	1	1	2	2	LEFT	0	0	0
93	183	162	1	1	1	1	THRU	0	0	0
93	183	162	2	2	2	2	THRU	0	0	0
93	183	172	2	2	3	3	RIGHT	0	0	0
93	183	172	2	2	4	4	RIGHT	0	0	0
93	173	162	1	1	1	1	LEFT	0	0	0
93	173	162	1	1	2	2	LEFT	0	0	0
93	173	172	1	1	1	1	THRU	0	0	0
93	173	172	2	2	2	2	THRU	0	0	0
93	173	172	3	3	3	3	THRU	0	0	0
93	173	172	4	4	4	4	THRU	0	0	0
93	173	183	4	4	1	1	RIGHT	0	0	0
93	173	183	4	4	2	2	RIGHT	0	0	0
93	172	183	1	1	1	1	LEFT	0	0	0
93	172	183	1	1	2	2	LEFT	0	0	0
93	172	173	1	1	1	1	THRU	0	0	0
93	172	173	2	2	2	2	THRU	0	0	0
93	172	173	3	3	3	3	THRU	0	0	0
93	172	173	4	4	4	4	THRU	0	0	0
93	172	162	4	4	1	1	RIGHT	0	0	0
93	172	162	4	4	2	2	RIGHT	0	0	0
93	162	172	1	1	1	1	LEFT	0	0	0
93	162	172	1	1	2	2	LEFT	0	0	0
93	162	183	1	1	1	1	THRU	0	0	0
93	162	183	2	2	2	2	THRU	0	0	0
93	162	173	2	2	3	3	RIGHT	0	0	0
93	162	173	2	2	4	4	RIGHT	0	0	0
94	184	174	1	1	1	1	LEFT	0	0	0
94	184	174	1	1	2	2	LEFT	0	0	0
94	184	163	1	1	1	1	THRU	0	0	0
94	184	163	2	2	2	2	THRU	0	0	0
94	184	163	3	3	3	3	THRU	0	0	0
94	184	163	4	4	4	4	THRU	0	0	0
94	184	173	4	4	3	3	RIGHT	0	0	0
94	184	173	4	4	4	4	RIGHT	0	0	0
94	174	163	1	1	1	1	LEFT	0	0	0
94	174	163	1	1	2	2	LEFT	0	0	0
94	174	173	1	1	1	1	THRU	0	0	0
94	174	173	2	2	2	2	THRU	0	0	0
94	174	173	3	3	3	3	THRU	0	0	0
94	174	173	4	4	4	4	THRU	0	0	0
94	174	184	4	4	3	3	RIGHT	0	0	0
94	174	184	4	4	4	4	RIGHT	0	0	0
94	173	184	1	1	1	1	LEFT	0	0	0
94	173	184	1	1	2	2	LEFT	0	0	0
94	173	174	1	1	1	1	THRU	0	0	0
94	173	174	2	2	2	2	THRU	0	0	0
94	173	174	3	3	3	3	THRU	0	0	0
94	173	174	4	4	4	4	THRU	0	0	0
94	173	163	4	4	3	3	RIGHT	0	0	0
94	173	163	4	4	4	4	RIGHT	0	0	0
94	163	173	1	1	1	1	LEFT	0	0	0
94	163	173	1	1	2	2	LEFT	0	0	0
94	163	184	1	1	1	1	THRU	0	0	0
94	163	184	2	2	2	2	THRU	0	0	0
94	163	184	3	3	3	3	THRU	0	0	0
94	163	184	4	4	4	4	THRU	0	0	0
94	163	174	4	4	3	3	RIGHT	0	0	0
94	163	174	4	4	4	4	RIGHT	0	0	0
95	185	175	1	1	1	1	LEFT	0	0	0
95	185	175	1	1	2	2	LEFT	0	0	0
95	185	164	1	1	1	1	THRU	0	0	0
95	185	164	2	2	2	2	THRU	0	0	0
95	185	174	2	2	3	3	RIGHT	0	0	0
95	185	174	2	2	4	4	RIGHT	0	0	0
95	175	164	1	1	1	1	LEFT	0	0	0
95	175	164	1	1	2	2	LEFT	0	0	0
95	175	174	1	1	1	1	THRU	0	0	0
95	175	174	2	2	2	2	THRU	0	0	0
95	175	174	3	3	3	3	THRU	0	0	0
95	175	174	4	4	4	4	THRU	0	0	0
95	175	185	4	4	1	1	RIGHT	0	0	0
95	175	185	4	4	2	2	RIGHT	0	0	0
95	174	185	1	1	1	1	LEFT	0	0	0
95	174	185	1	1	2	2	LEFT	0	0	0
95	174	175	1	1	1	1	THRU	0	0	0
95	174	175	2	2	2	2	THRU	0	0	0
95	174	175	3	3	3	3	THRU	0	0	0
95	174	175	4	4	4	4	THRU	0	0	0
95	174	164	4	4	1	1	RIGHT	0	0	0
95	174	164	4	4	2	2	RIGHT	0	0	0
95	164	174	1	1	1	1	LEFT	0	0	0
95	164	174	1	1	2	2	LEFT	0	0	0
95	164	185	1	1	1	1	THRU	0	0	0
95	164	185	2	2	2	2	THRU	0	0	0
95	164	175	2	2	3	3	RIGHT	0	0	0
95	164	175	2	2	4	4	RIGHT	0	0	0
96	186	176	1	1	1	1	LEFT	0	0	0
96	186	176	1	1	2	2	LEFT	0	0	0
96	186	165	1	1	1	1	THRU	0	0	0
96	186	165	2	2	2	2	THRU	0	0	0
96	186	175	2	2	3	3	RIGHT	0	0	0
96	186	175	2	2	4	4	RIGHT	0	0	0
96	176	165	1	1	1	1	LEFT	0	0	0
96	176	165	1	1	2	2	LEFT	0	0	0
96	176	175	1	1	1	1	THRU	0	0	0
96	176	175	2	2	2	2	THRU	0	0	0
96	176	175	3	3	3	3	THRU	0	0	0
96	176	175	4	4	4	4	THRU	0	0	0
96	176	186	4	4	1	1	RIGHT	0	0	0
96	176	186	4	4	2	2	RIGHT	0	0	0
96	175	186	1	1	1	1	LEFT	0	0	0
96	175	186	1	1	2	2	LEFT	0	0	0
96	175	176	1	1	1	1	THRU	0	0	0
96	175	176	2	2	2	2	THRU	0	0	0
96	175	176	3	3	3	3	THRU	0	0	0
96	175	176	4	4	4	4	THRU	0	0	0
96	175	165	4	4	1	1	RIGHT	0	0	0
96	175	165	4	4	2	2	RIGHT	0	0	0
96	165	175	1	1	1	1	LEFT	0	0	0
96	165	175	1	1	2	2	LEFT	0	0	0
96	165	186	1	1	1	1	THRU	0	0	0
96	165	186	2	2	2	2	THRU	0	0	0
96	165	176	2	2	3	3	RIGHT	0	0	0
96	165	176	2	2	4	4	RIGHT	0	0	0
97	187	177	1	1	1	1	LEFT	0	0	0
97	187	177	1	1	2	2	LEFT	0	0	0
97	187	166	1	1	1	1	THRU	0	0	0
97	187	166	2	2	2	2	THRU	0	0	0
97	187	166	3	3	3	3	THRU	0	0	0
97	187	166	4	4	4	4	THRU	0	0	0
97	187	176	4	4	3	3	RIGHT	0	0	0
97	187	176	4	4	4	4	RIGHT	0	0	0
97	177	166	1	1	1	1	LEFT	0	0	0
97	177	166	1	1	2	2	LEFT	0	0	0
97	177	176	1	1	1	1	THRU	0	0	0
97	177	176	2	2	2	2	THRU	0	0	0
97	177	176	3	3	3	3	THRU	0	0	0
97	177	176	4	4	4	4	THRU	0	0	0
97	177	187	4	4	3	3	RIGHT	0	0	0
97	177	187	4	4	4	4	RIGHT	0	0	0
97	176	187	1	1	1	1	LEFT	0	0	0
97	176	187	1	1	2	2	LEFT	0	0	0
97	176	177	1	1	1	1	THRU	0	0	0
97	176	177	2	2	2	2	THRU	0	0	0
97	176	177	3	3	3	3	THRU	0	0	0
97	176	177	4	4	4	4	THRU	0	0	0
97	176	166	4	4	3	3	RIGHT	0	0	0
97	176	166	4	4	4	4	RIGHT	0	0	0
97	166	176	1	1	1	1	LEFT	0	0	0
97	166	176	1	1	2	2	LEFT	0	0	0
97	166	187	1	1	1	1	THRU	0	0	0
97	166	187	2	2	2	2	THRU	0	0	0
97	166	187	3	3	3	3	THRU	0	0	0
97	166	187	4	4	4	4	THRU	0	0	0
97	166	177	4	4	3	3	RIGHT	0	0	0
97	166	177	4	4	4	4	RIGHT	0	0	0
98	188	178	1	1	1	1	LEFT	0	0	0
98	188	178	1	1	2	2	LEFT	0	0	0
98	188	167	1	1	1	1	THRU	0	0	0
98	188	167	2	2	2	2	THRU	0	0	0
98	188	177	2	2	3	3	RIGHT	0	0	0
98	188	177	2	2	4	4	RIGHT	0	0	0
98	178	167	1	1	1	1	LEFT	0	0	0
98	178	167	1	1	2	2	LEFT	0	0	0
98	178	177	1	1	1	1	THRU	0	0	0
98	178	177	2	2	2	2	THRU	0	0	0
98	178	177	3	3	3	3	THRU	0	0	0
98	178	177	4	4	4	4	THRU	0	0	0
98	178	188	4	4	1	1	RIGHT	0	0	0
98	178	188	4	4	2	2	RIGHT	0	0	0
98	177	188	1	1	1	1	LEFT	0	0	0
98	177	188	1	1	2	2	LEFT	0	0	0
98	177	178	1	1	1	1	THRU	0	0	0
98	177	178	2	2	2	2	THRU	0	0	0
98	177	178	3	3	3	3	THRU	0	0	0
98	177	178	4	4	4	4	THRU	0	0	0
98	177	167	4	4	1	1	RIGHT	0	0	0
98	177	167	4	4	2	2	RIGHT	0	0	0
98	167	177	1	1	1	1	LEFT	0	0	0
98	167	177	1	1	2	2	LEFT	0	0	0
98	167	188	1	1	1	1	THRU	0	0	0
98	167	188	2	2	2	2	THRU	0	0	0
98	167	178	2	2	3	3	RIGHT	0	0	0
98	167	178	2	2	4	4	RIGHT	0	0	0
99	189	168	1	1	1	1	THRU	0	0	0
99	189	168	2	2	2	2	THRU	0	0	0
99	189	178	2	2	3	3	RIGHT	0	0	0
99	189	178	2	2	4	4	RIGHT	0	0	0
99	178	189	1	1	1	1	LEFT	0	0	0
99	178	189	2	2	2	2	LEFT	0	0	0
99	178	189	3	3	2	2	LEFT	0	0	0
99	178	168	3	3	1	1	RIGHT	0	0	0
99	178	168	4	4	2	2	RIGHT	0	0	0
99	168	178	1	1	1	1	LEFT	0	0	0
99	168	178	1	1	2	2	LEFT	0	0	0
99	168	189	1	1	1	1	THRU	0	0	0
99	168	189	2	2	2	2	THRU	0	0	0
100	200	190	1	1	1	1	LEFT	0	0	0
100	200	190	1	1	2	2	LEFT	0	0	0
100	200	179	1	1	1	1	THRU	0	0	0
100	200	179	2	2	2	2	THRU	0	0	0
100	190	179	1	1	1	1	LEFT	0	0	0
100	190	179	2	2	2	2	LEFT	0	0	0
100	190	200	2	2	1	1	RIGHT	0	0	0
100	190	200	2	2	2	2	RIGHT	0	0	0
100	179	200	1	1	1	1	THRU	0	0	0
100	179	200	2	2	2	2	THRU	0	0	0
100	179	190	2	2	1	1	RIGHT	0	0	0
100	179	190	2	2	2	2	RIGHT	0	0	0
101	201	191	1	1	1	1	LEFT	0	0	0
101	201	191	1	1	2	2	LEFT	0	0	0
101	201	180	1	1	1	1	THRU	0	0	0
101	201	180	2	2	2	2	THRU	0	0	0
101	201	190	2	2	1	1	RIGHT	0	0	0
101	201	190	2	2	2	2	RIGHT	0	0	0
101	191	180	1	1	1	1	LEFT	0	0	0
101	191	180	1	1	2	2	LEFT	0	0	0
101	191	190	1	1	1	1	THRU	0	0	0
101	191	190	2	2	2	2	THRU	0	0	0
101	191	201	2	2	1	1	RIGHT	0	0	0
101	191	201	2	2	2	2	RIGHT	0	0	0
101	190	201	1	1	1	1	LEFT	0	0	0
101	190	201	1	1	2	2	LEFT	0	0	0
101	190	191	1	1	1	1	THRU	0	0	0
101	190	191	2	2	2	2	THRU	0	0	0
101	190	180	2	2	1	1	RIGHT	0	0	0
101	190	180	2	2	2	2	RIGHT	0	0	0
101	180	190	1	1	1	1	LEFT	0	0	0
101	180	190	1	1	2	2	LEFT	0	0	0
101	180	201	1	1	1	1	THRU	0	0	0
101	180	201	2	2	2	2	THRU	0	0	0
101	180	191	2	2	1	1	RIGHT	0	0	0
101	180	191	2	2	2	2	RIGHT	0	0	0
102	202	192	1	1	1	1	LEFT	0	0	0
102	202	192	1	1	2	2	LEFT	0	0	0
102	202	181	1	1	1	1	THRU	0	0	0
102	202	181	2	2	2	2	THRU	0	0	0
102	202	181	3	3	3	3	THRU	0	0	0
102	202	181	4	4	4	4	THRU	0	0	0
102	202	191	4	4	1	1	RIGHT	0	0	0
102	202	191	4	4	2	2	RIGHT	0	0	0
102	192	181	1	1	1	1	LEFT	0	0	0
102	192	181	1	1	2	2	LEFT	0	0	0
102	192	191	1	1	1	1	THRU	0	0	0
102	192	191	2	2	2	2	THRU	0	0	0
102	192	202	2	2	3	3	RIGHT	0	0	0
102	192	202	2	2	4	4	RIGHT	0	0	0
102	191	202	1	1	1	1	LEFT	0	0	0
102	191	202	1	1	2	2	LEFT	0	0	0
102	191	192	1	1	1	1	THRU	0	0	0
102	191	192	2	2	2	2	THRU	0	0	0
102	191	181	2	2	3	3	RIGHT	0	0	0
102	191	181	2	2	4	4	RIGHT	0	0	0
102	181	191	1	1	1	1	LEFT	0	0	0
102	181	191	1	1	2	2	LEFT	0	0	0
102	181	202	1	1	1	1	THRU	0	0	0
102	181	202	2	2	2	2	THRU	0	0	0
102	181	202	3	3	3	3	THRU	0	0	0
102	181	202	4	4	4	4	THRU	0	0	0
102	181	192	4	4	1	1	RIGHT	0	0	0
102	181	192	4	4	2	2	RIGHT	0	0	0
103	203	193	1	1	1	1	LEFT	0	0	0
103	203	193	1	1	2	2	LEFT	0	0	0
103	203	182	1	1	1	1	THRU	0	0	0
103	203	182	2	2	2	2	THRU	0	0	0
103	203	192	2	2	1	1	RIGHT	0	0	0
103	203	192	2	2	2	2	RIGHT	0	0	0
103	193	182	1	1	1	1	LEFT	0	0	0
103	193	182	1	1	2	2	LEFT	0	0	0
103	193	192	1	1	1	1	THRU	0	0	0
103	193	192	2	2	2	2	THRU	0	0	0
103	193	203	2	2	1	1	RIGHT	0	0	0
103	193	203	2	2	2	2	RIGHT	0	0	0
103	192	203	1	1	1	1	LEFT	0	0	0
103	192	203	1	1	2	2	LEFT	0	0	0
103	192	193	1	1	1	1	THRU	0	0	0
103	192	193	2	2	2	2	THRU	0	0	0
103	192	182	2	2	1	1	RIGHT	0	0	0
103	192	182	2	2	2	2	RIGHT	0	0	0
103	182	192	1	1	1	1	LEFT	0	0	0
103	182	192	1	1	2	2	LEFT	0	0	0
103	182	203	1	1	1	1	THRU	0	0	0
103	182	203	2	2	2	2	THRU	0	0	0
103	182	193	2	2	1	1	RIGHT	0	0	0
103	182	193	2	2	2	2	RIGHT	0	0	0
104	204	194	1	1	1	1	LEFT	0	0	0
104	204	194	1	1	2	2	LEFT	0	0	0
104	204	183	1	1	1	1	THRU	0	0	0
104	204	183	2	2	2	2	THRU	0	0	0
104	204	193	2	2	1	1	RIGHT	0	0	0
104	204	193	2	2	2	2	RIGHT	0	0	0
104	194	183	1	1	1	1	LEFT	0	0	0
104	194	183	1	1	2	2	LEFT	0	0	0
104	194	193	1	1	1	1	THRU	0	0	0
104	194	193	2	2	2	2	THRU	0	0	0
104	194	204	2	2	1	1	RIGHT	0	0	0
104	194	204	2	2	2	2	RIGHT	0	0	0
104	193	204	1	1	1	1	LEFT	0	0	0
104	193	204	1	1	2	2	LEFT	0	0	0
104	193	194	1	1	1	1	THRU	0	0	0
104	193	194	2	2	2	2	THRU	0	0	0
104	193	183	2	2	1	1	RIGHT	0	0	0
104	193	183	2	2	2	2	RIGHT	0	0	0
104	183	193	1	1	1	1	LEFT	0	0	0
104	183	193	1	1	2	2	LEFT	0	0	0
104	183	204	1	1	1	1	THRU	0	0	0
104	183	204	2	2	2	2	THRU	0	0	0
104	183	194	2	2	1	1	RIGHT	0	0	0
104	183	194	2	2	2	2	RIGHT	0	0	0
105	205	195	1	1	1	1	LEFT	0	0	0
105	205	195	1	1	2	2	LEFT	0	0	0
105	205	184	1	1	1	1	THRU	0	0	0
105	205	184	2	2	2	2	THRU	0	0	0
105	205	184	3	3	3	3	THRU	0	0	0
105	205	184	4	4	4	4	THRU	0	0	0
105	205	194	4	4	1	1	RIGHT	0	0	0
105	205	194	4	4	2	2	RIGHT	0	0	0
105	195	184	1	1	1	1	LEFT	0	0	0
105	195	184	1	1	2	2	LEFT	0	0	0
105	195	194	1	1	1	1	THRU	0	0	0
105	195	194	2	2	2	2	THRU	0	0	0
105	195	205	2	2	3	3	RIGHT	0	0	0
105	195	205	2	2	4	4	RIGHT	0	0	0
105	194	205	1	1	1	1	LEFT	0	0	0
105	194	205	1	1	2	2	LEFT	0	0	0
105	194	195	1	1	1	1	THRU	0	0	0
105	194	195	2	2	2	2	THRU	0	0	0
105	194	184	2	2	3	3	RIGHT	0	0	0
105	194	184	2	2	4	4	RIGHT	0	0	0
105	184	194	1	1	1	1	LEFT	0	0	0
105	184	194	1	1	2	2	LEFT	0	0	0
105	184	205	1	1	1	1	THRU	0	0	0
105	184	205	2	2	2	2	THRU	0	0	0
105	184	205	3	3	3	3	THRU	0	0	0
105	184	205	4	4	4	4	THRU	0	0	0
105	184	195	4	4	1	1	RIGHT	0	0	0
105	184	195	4	4	2	2	RIGHT	0	0	0
106	206	196	1	1	1	1	LEFT	0	0	0
106	206	196	1	1	2	2	LEFT	0	0	0
106	206	185	1	1	1	1	THRU	0	0	0
106	206	185	2	2	2	2	THRU	0	0	0
106	206	195	2	2	1	1	RIGHT	0	0	0
106	206	195	2	2	2	2	RIGHT	0	0	0
106	196	185	1	1	1	1	LEFT	0	0	0
106	196	185	1	1	2	2	LEFT	0	0	0
106	196	195	1	1	1	1	THRU	0	0	0
106	196	195	2	2	2	2	THRU	0	0	0
106	196	206	2	2	1	1	RIGHT	0	0	0
106	196	206	2	2	2	2	RIGHT	0	0	0
106	195	206	1	1	1	1	LEFT	0	0	0
106	195	206	1	1	2	2	LEFT	0	0	0
106	195	196	1	1	1	1	THRU	0	0	0
106	195	196	2	2	2	2	THRU	0	0	0
106	195	185	2	2	1	1	RIGHT	0	0	0
106	195	185	2	2	2	2	RIGHT	0	0	0
106	185	195	1	1	1	1	LEFT	0	0	0
106	185	195	1	1	2	2	LEFT	0	0	0
106	185	206	1	1	1	1	THRU	0	0	0
106	185	206	2	2	2	2	THRU	0	0	0
106	185	196	2	2	1	1	RIGHT	0	0	0
106	185	196	2	2	2	2	RIGHT	0	0	0
107	207	197	1	1	1	1	LEFT	0	0	0
107	207	197	1	1	2	2	LEFT	0	0	0
107	207	186	1	1	1	1	THRU	0	0	0
107	207	186	2	2	2	2	THRU	0	0	0
107	207	196	2	2	1	1	RIGHT	0	0	0
107	207	196	2	2	2	2	RIGHT	0	0	0
107	197	186	1	1	1	1	LEFT	0	0	0
107	197	186	1	1	2	2	LEFT	0	0	0
107	197	196	1	1	1	1	THRU	0	0	0
107	197	196	2	2	2	2	THRU	0	0	0
107	197	207	2	2	1	1	RIGHT	0	0	0
107	197	207	2	2	2	2	RIGHT	0	0	0
107	196	207	1	1	1	1	LEFT	0	0	0
107	196	207	1	1	2	2	LEFT	0	0	0
107	196	197	1	1	1	1	THRU	0	0	0
107	196	197	2	2	2	2	THRU	0	0	0
107	196	186	2	2	1	1	RIGHT	0	0	0
107	196	186	2	2	2	2	RIGHT	0	0	0
107	186	196	1	1	1	1	LEFT	0	0	0
107	186	196	1	1	2	2	LEFT	0	0	0
107	186	207	1	1	1	1	THRU	0	0	0
107	186	207	2	2	2	2	THRU	0	0	0
107	186	197	2	2	1	1	RIGHT	0	0	0
107	186	197	2	2	2	2	RIGHT	0	0	0
108	208	198	1	1	1	1	LEFT	0	0	0
108	208	198	1	1	2	2	LEFT	0	0	0
108	208	187	1	1	1	1	THRU	0	0	0
108	208	187	2	2	2	2	THRU	0	0	0
108	208	187	3	3	3	3	THRU	0	0	0
108	208	187	4	4	4	4	THRU	0	0	0
108	208	197	4	4	1	1	RIGHT	0	0	0
108	208	197	4	4	2	2	RIGHT	0	0	0
108	198	187	1	1	1	1	LEFT	0	0	0
108	198	187	1	1	2	2	LEFT	0	0	0
108	198	197	1	1	1	1	THRU	0	0	0
108	198	197	2	2	2	2	THRU	0	0	0
108	198	208	2	2	3	3	RIGHT	0	0	0
108	198	208	2	2	4	4	RIGHT	0	0	0
108	197	208	1	1	1	1	LEFT	0	0	0
108	197	208	1	1	2	2	LEFT	0	0	0
108	197	198	1	1	1	1	THRU	0	0	0
108	197	198	2	2	2	2	THRU	0	0	0
108	197	187	2	2	3	3	RIGHT	0	0	0
108	197	187	2	2	4	4	RIGHT	0	0	0
108	187	197	1	1	1	1	LEFT	0	0	0
108	187	197	1	1	2	2	LEFT	0	0	0
108	187	208	1	1	1	1	THRU	0	0	0
108	187	208	2	2	2	2	THRU	0	0	0
108	187	208	3	3	3	3	THRU	0	0	0
108	187	208	4	4	4	4	THRU	0	0	0
108	187	198	4	4	1	1	RIGHT	0	0	0
108	187	198	4	4	2	2	RIGHT	0	0	0
109	209	199	1	1	1	1	LEFT	0	0	0
109	209	199	1	1	2	2	LEFT	0	0	0
109	209	188	1	1	1	1	THRU	0	0	0
109	209	188	2	2	2	2	THRU	0	0	0
109	209	198	2	2	1	1	RIGHT	0	0	0
109	209	198	2	2	2	2	RIGHT	0	0	0
109	199	188	1	1	1	1	LEFT	0	0	0
109	199	188	1	1	2	2	LEFT	0	0	0
109	199	198	1	1	1	1	THRU	0	0	0
109	199	198	2	2	2	2	THRU	0	0	0
109	199	209	2	2	1	1	RIGHT	0	0	0
109	199	209	2	2	2	2	RIGHT	0	0	0
109	198	209	1	1	1	1	LEFT	0	0	0
109	198	209	1	1	2	2	LEFT	0	0	0
109	198	199	1	1	1	1	THRU	0	0	0
109	198	199	2	2	2	2	THRU	0	0	0
109	198	188	2	2	1	1	RIGHT	0	0	0
109	198	188	2	2	2	2	RIGHT	0	0	0
109	188	198	1	1	1	1	LEFT	0	0	0
109	188	198	1	1	2	2	LEFT	0	0	0
109	188	209	1	1	1	1	THRU	0	0	0
109	188	209	2	2	2	2	THRU	0	0	0
109	188	199	2	2	1	1	RIGHT	0	0	0
109	188	199	2	2	2	2	RIGHT	0	0	0
110	210	189	1	1	1	1	THRU	0	0	0
110	210	189	2	2	2	2	THRU	0	0	0
110	210	199	2	2	1	1	RIGHT	0	0	0
110	210	199	2	2	2	2	RIGHT	0	0	0
110	199	210	1	1	1	1	LEFT	0	0	0
110	199	210	2	2	2	2	LEFT	0	0	0
110	199	189	2	2	1	1	RIGHT	0	0	0
110	199	189	2	2	2	2	RIGHT	0	0	0
110	189	199	1	1	1	1	LEFT	0	0	0
110	189	199	1	1	2	2	LEFT	0	0	0
110	189	210	1	1	1	1	THRU	0	0	0
110	189	210	2	2	2	2	THRU	0	0	0
111	211	200	1	1	1	1	THRU	0	0	0
111	211	200	2	2	2	2	THRU	0	0	0
111	200	211	1	1	1	1	THRU	0	0	0
111	200	211	2	2	2	2	THRU	0	0	0
112	212	201	1	1	1	1	LEFT	0	0	0
112	212	201	1	1	2	2	LEFT	0	0	0
112	212	211	1	1	1	1	THRU	0	0	0
112	212	211	2	2	2	2	THRU	0	0	0
112	211	212	1	1	1	1	THRU	0	0	0
112	211	212	2	2	2	2	THRU	0	0	0
112	211	201	2	2	1	1	RIGHT	0	0	0
112	211	201	2	2	2	2	RIGHT	0	0	0
112	201	211	1	1	1	1	LEFT	0	0	0
112	201	211	2	2	2	2	LEFT	0	0	0
112	201	212	2	2	1	1	RIGHT	0	0	0
112	201	212	2	2	2	2	RIGHT	0	0	0
113	213	202	1	1	1	1	LEFT	0	0	0
113	213	202	1	1	2	2	LEFT	0	0	0
113	213	212	1	1	1	1	THRU	0	0	0
113	213	212	2	2	2	2	THRU	0	0	0
113	212	213	1	1	1	1	THRU	0	0	0
113	212	213	2	2	2	2	THRU	0	0	0
113	212	202	2	2	3	3	RIGHT	0	0	0
113	212	202	2	2	4	4	RIGHT	0	0	0
113	202	212	1	1	1	1	LEFT	0	0	0
113	202	212	2	2	2	2	LEFT	0	0	0
113	202	212	3	3	2	2	LEFT	0	0	0
113	202	213	3	3	1	1	RIGHT	0	0	0
113	202	213	4	4	2	2	RIGHT	0	0	0
114	214	203	1	1	1	1	LEFT	0	0	0
114	214	203	1	1	2	2	LEFT	0	0	0
114	214	213	1	1	1	1	THRU	0	0	0
114	214	213	2	2	2	2	THRU	0	0	0
114	213	214	1	1	1	1	THRU	0	0	0
114	213	214	2	2	2	2	THRU	0	0	0
114	213	203	2	2	1	1	RIGHT	0	0	0
114	213	203	2	2	2	2	RIGHT	0	0	0
114	203	213	1	1	1	1	LEFT	0	0	0
114	203	213	2	2	2	2	LEFT	0	0	0
114	203	214	2	2	1	1	RIGHT	0	0	0
114	203	214	2	2	2	2	RIGHT	0	0	0
115	215	204	1	1	1	1	LEFT	0	0	0
115	215	204	1	1	2	2	LEFT	0	0	0
115	215	214	1	1	1	1	THRU	0	0	0
115	215	214	2	2	2	2	THRU	0	0	0
115	214	215	1	1	1	1	THRU	0	0	0
115	214	215	2	2	2	2	THRU	0	0	0
115	214	204	2	2	1	1	RIGHT	0	0	0
115	214	204	2	2	2	2	RIGHT	0	0	0
115	204	214	1	1	1	1	LEFT	0	0	0
115	204	214	2	2	2	2	LEFT	0	0	0
115	204	215	2	2	1	1	RIGHT	0	0	0
115	204	215	2	2	2	2	RIGHT	0	0	0
116	216	205	1	1	1	1	LEFT	0	0	0
116	216	205	1	1	2	2	LEFT	0	0	0
116	216	215	1	1	1	1	THRU	0	0	0
116	216	215	2	2	2	2	THRU	0	0	0
116	215	216	1	1	1	1	THRU	0	0	0
116	215	216	2	2	2	2	THRU	0	0	0
116	215	205	2	2	3	3	RIGHT	0	0	0
116	215	205	2	2	4	4	RIGHT	0	0	0
116	205	215	1	1	1	1	LEFT	0	0	0
116	205	215	2	2	2	2	LEFT	0	0	0
116	205	215	3	3	2	2	LEFT	0	0	0
116	205	216	3	3	1	1	RIGHT	0	0	0
116	205	216	4	4	2	2	RIGHT	0	0	0
117	217	206	1	1	1	1	LEFT	0	0	0
117	217	206	1	1	2	2	LEFT	0	0	0
117	217	216	1	1	1	1	THRU	0	0	0
117	217	216	2	2	2	2	THRU	0	0	0
117	216	217	1	1	1	1	THRU	0	0	0
117	216	217	2	2	2	2	THRU	0	0	0
117	216	206	2	2	1	1	RIGHT	0	0	0
117	216	206	2	2	2	2	RIGHT	0	0	0
117	206	216	1	1	1	1	LEFT	0	0	0
117	206	216	2	2	2	2	LEFT	0	0	0
117	206	217	2	2	1	1	RIGHT	0	0	0
117	206	217	2	2	2	2	RIGHT	0	0	0
118	218	207	1	1	1	1	LEFT	0	0	0
118	218	207	1	1	2	2	LEFT	0	0	0
118	218	217	1	1	1	1	THRU	0	0	0
118	218	217	2	2	2	2	THRU	0	0	0
118	217	218	1	1	1	1	THRU	0	0	0
118	217	218	2	2	2	2	THRU	0	0	0
118	217	207	2	2	1	1	RIGHT	0	0	0
118	217	207	2	2	2	2	RIGHT	0	0	0
118	207	217	1	1	1	1	LEFT	0	0	0
118	207	217	2	2	2	2	LEFT	0	0	0
118	207	218	2	2	1	1	RIGHT	0	0	0
118	207	218	2	2	2	2	RIGHT	0	0	0
119	219	208	1	1	1	1	LEFT	0	0	0
119	219	208	1	1	2	2	LEFT	0	0	0
119	219	218	1	1	1	1	THRU	0	0	0
119	219	218	2	2	2	2	THRU	0	0	0
119	218	219	1	1	1	1	THRU	0	0	0
119	218	219	2	2	2	2	THRU	0	0	0
119	218	208	2	2	3	3	RIGHT	0	0	0
119	218	208	2	2	4	4	RIGHT	0	0	0
119	208	218	1	1	1	1	LEFT	0	0	0
119	208	218	2	2	2	2	LEFT	0	0	0
119	208	218	3	3	2	2	LEFT	0	0	0
119	208	219	3	3	1	1	RIGHT	0	0	0
119	208	219	4	4	2	2	RIGHT	0	0	0
120	220	209	1	1	1	1	LEFT	0	0	0
120	220	209	1	1	2	2	LEFT	0	0	0
120	220	219	1	1	1	1	THRU	0	0	0
120	220	219	2	2	2	2	THRU	0	0	0
120	219	220	1	1	1	1	THRU	0	0	0
120	219	220	2	2	2	2	THRU	0	0	0
120	219	209	2	2	1	1	RIGHT	0	0	0
120	219	209	2	2	2	2	RIGHT	0	0	0
120	209	219	1	1	1	1	LEFT	0	0	0
120	209	219	2	2	2	2	LEFT	0	0	0
120	209	220	2	2	1	1	RIGHT	0	0	0
120	209	220	2	2	2	2	RIGHT	0	0	0
121	220	210	1	1	1	1	THRU	0	0	0
121	220	210	2	2	2	2	THRU	0	0	0
121	210	220	1	1	1	1	THRU	0	0	0
121	210	220	2	2	2	2	THRU	0	0	0
