LINK	ANODE	BNODE	AB_000_015	AB_015_030	AB_030_045	AB_045_100	AB_100_115	AB_115_130	AB_130_145	AB_145_200	AB_200_215	AB_215_230	AB_230_245	AB_245_300	AB_300_315	AB_315_330	AB_330_345	AB_345_400	BA_000_015	BA_015_030	BA_030_045	BA_045_100	BA_100_115	BA_115_130	BA_130_145	BA_145_200	BA_200_215	BA_215_230	BA_230_245	BA_245_300	BA_300_315	BA_315_330	BA_330_345	BA_345_400
1	1	2	48.5	49.7	49.6	49.4	48.8	49.3	49.5	49.2	48.4	66.7	51.8	49.8	66.7	66.7	66.7	66.7	48.7	49.6	49.4	49.1	48.3	49.9	49.0	49.3	49.2	49.9	49.5	50.1	49.8	49.2	49.1	48.7
2	2	3	52.5	53.3	52.6	52.6	53.2	52.8	53.0	52.4	52.2	66.7	66.7	51.2	66.7	66.7	66.7	66.7	48.3	48.5	48.1	48.2	49.1	48.7	48.2	48.2	48.2	48.0	48.6	48.5	47.8	48.4	48.0	47.6
3	3	4	49.2	48.8	48.2	49.0	48.8	48.5	48.6	48.3	48.6	48.2	49.2	48.8	48.7	49.9	51.2	47.8	51.8	51.2	51.7	51.5	52.9	51.3	52.6	50.8	50.7	50.9	49.4	50.1	51.8	50.3	50.0	46.6
4	4	5	48.1	48.5	49.0	49.0	48.5	49.2	48.3	48.0	47.6	48.6	49.5	48.0	49.2	66.7	66.7	66.7	48.1	48.3	48.9	48.7	48.6	48.1	48.9	48.3	48.2	49.1	48.6	48.7	49.0	49.1	47.9	49.0
5	5	6	52.1	54.2	52.4	53.1	51.7	52.1	52.4	51.0	50.6	50.1	50.2	55.2	49.8	66.7	66.7	66.7	48.2	48.1	48.1	48.2	48.0	48.1	48.4	48.2	47.6	48.5	48.4	48.0	49.1	48.9	48.7	49.4
6	6	7	48.6	48.9	47.8	47.5	48.3	48.3	48.3	48.2	48.0	47.7	48.5	48.3	48.2	48.2	48.2	47.4	51.8	51.7	53.1	53.1	53.7	52.2	52.1	52.1	50.9	50.0	66.7	45.2	50.2	49.1	49.4	66.7
7	7	8	48.0	48.2	48.3	48.4	48.3	49.1	49.6	48.1	48.1	48.1	48.0	48.9	48.5	49.0	53.0	49.2	48.0	48.3	48.8	48.8	48.5	48.7	48.4	48.2	47.8	66.7	49.6	50.1	48.9	48.7	49.0	66.7
8	8	9	51.5	52.3	52.0	51.9	52.4	51.7	51.8	50.9	51.2	49.6	49.8	49.8	49.1	48.4	51.8	66.7	48.1	48.7	48.9	49.0	48.4	48.9	48.2	48.5	48.6	48.2	48.9	50.1	48.1	49.1	49.3	66.7
9	9	10	48.7	48.0	48.1	47.9	48.0	48.5	48.0	49.0	48.1	49.0	48.7	48.8	48.4	48.2	48.6	48.6	52.2	52.6	53.0	53.3	52.0	53.4	52.9	53.1	52.4	66.7	66.7	66.7	66.7	66.7	66.7	66.7
10	10	11	48.8	50.0	49.3	49.4	49.2	48.7	49.9	49.1	49.0	48.3	48.8	49.5	49.0	49.6	49.4	49.2	49.4	49.3	49.4	49.5	49.1	49.3	49.7	49.3	66.7	66.7	48.6	66.7	50.6	47.0	47.2	66.7
11	1	12	49.2	49.7	49.3	48.4	49.1	48.9	49.1	49.1	46.8	48.6	51.8	66.7	66.7	66.7	66.7	66.7	49.3	49.7	49.7	49.5	50.1	48.5	49.0	49.5	48.8	50.0	49.3	49.0	48.7	47.9	49.3	48.5
12	2	13	48.5	48.8	49.0	49.1	48.5	48.3	48.7	48.8	48.7	48.3	50.7	66.7	66.7	48.8	46.6	66.7	50.0	48.6	48.7	48.7	48.8	48.6	48.5	48.8	48.4	48.6	48.8	48.3	48.6	48.2	49.0	48.0
13	3	14	36.4	36.2	36.2	36.4	36.3	36.1	36.4	36.4	38.3	44.4	44.4	44.4	44.4	44.4	44.4	44.4	36.9	36.4	36.0	35.9	35.9	35.9	36.1	36.5	35.9	36.2	35.7	36.0	35.7	35.3	35.6	35.8
14	4	15	48.6	48.3	48.7	48.1	48.5	48.5	48.5	48.2	47.0	66.7	48.8	66.7	66.7	66.7	66.7	66.7	49.5	48.5	48.8	49.3	48.0	49.2	48.6	48.8	49.2	48.8	48.8	48.7	48.4	49.2	46.9	48.3
15	5	16	48.7	48.1	49.1	48.6	49.1	48.7	48.6	48.6	50.3	66.7	66.7	66.7	66.7	66.7	66.7	66.7	48.3	48.1	48.5	48.5	47.7	48.5	48.4	48.6	48.9	49.0	48.3	47.7	48.7	49.6	48.1	48.1
16	6	17	36.2	36.2	36.2	36.2	36.3	36.3	36.3	37.2	35.9	37.8	44.4	44.4	44.4	44.4	44.4	44.4	36.3	35.9	35.8	36.1	35.7	35.9	36.4	36.0	35.8	36.3	35.8	35.7	36.0	35.5	34.8	35.1
17	7	18	48.6	48.6	48.8	48.7	48.6	48.6	48.8	48.4	47.9	47.8	49.8	46.6	66.7	66.7	66.7	66.7	48.4	48.6	48.5	48.5	49.3	48.4	49.0	48.7	48.4	48.6	49.4	48.5	48.2	49.1	47.5	47.6
18	8	19	48.7	49.4	48.7	49.4	49.1	48.8	49.4	48.9	49.3	49.8	51.2	47.8	66.7	66.7	66.7	66.7	48.9	49.0	49.0	49.1	48.7	49.1	48.7	49.5	48.9	48.6	48.5	48.0	48.3	48.4	47.5	66.7
19	9	20	36.6	36.3	36.3	36.3	36.4	36.8	36.4	36.4	35.6	44.4	44.4	44.4	44.4	44.4	44.4	44.4	36.8	36.2	36.4	36.3	36.2	36.2	36.2	36.7	35.9	36.8	36.2	36.0	35.8	35.9	35.8	35.7
20	10	21	48.7	48.7	49.4	48.4	49.5	49.4	48.8	48.5	48.8	50.8	49.8	50.6	66.7	66.7	66.7	66.7	48.5	48.4	48.5	49.0	48.9	48.4	48.6	48.8	48.1	49.1	48.9	48.8	48.1	49.1	48.5	51.8
21	11	22	49.3	49.4	49.1	49.0	48.9	49.0	49.4	49.2	48.6	50.8	66.7	66.7	47.8	49.2	66.7	66.7	50.2	48.9	49.6	49.0	49.6	49.4	49.3	48.5	49.6	48.1	49.3	50.8	48.6	48.6	48.9	66.7
22	12	13	48.8	49.2	48.9	48.8	49.1	48.8	48.5	49.0	49.4	49.2	66.7	66.7	66.7	66.7	66.7	66.7	48.8	49.0	48.5	48.4	48.8	48.8	48.6	49.4	48.9	49.2	48.8	47.9	47.6	48.8	47.4	47.0
23	13	14	53.5	56.7	57.3	55.9	59.0	56.1	54.9	53.9	53.5	66.7	66.7	66.7	66.7	66.7	66.7	66.7	48.0	48.3	48.2	48.7	48.1	48.3	48.3	48.5	48.6	48.0	48.2	47.8	48.1	47.5	47.5	47.8
24	14	15	48.5	48.6	48.7	48.7	48.9	48.8	48.5	48.8	47.9	48.3	47.8	47.0	48.6	49.8	66.7	66.7	53.0	52.7	52.9	53.0	52.3	51.6	52.4	52.4	50.2	53.6	51.0	49.6	50.6	49.1	50.0	51.2
25	15	16	48.4	48.4	48.8	48.7	48.7	48.1	49.1	48.5	48.8	47.7	47.5	48.2	66.7	66.7	66.7	66.7	48.1	48.1	48.3	47.9	48.3	48.3	48.3	48.5	48.2	48.5	48.4	47.8	47.6	48.3	47.5	47.6
26	16	17	54.9	56.9	55.9	53.4	53.6	55.3	56.1	59.2	55.4	51.2	51.3	49.3	47.8	66.7	66.7	66.7	48.3	48.2	48.9	48.3	48.7	48.1	48.2	48.4	47.6	47.7	47.1	47.7	48.5	46.6	47.3	48.0
27	17	18	48.3	48.5	48.5	48.5	48.2	48.2	48.0	48.4	48.4	47.8	48.0	47.4	48.1	47.7	46.4	47.0	55.5	53.7	52.4	54.5	53.8	52.7	55.3	56.5	51.4	66.7	66.7	52.5	66.7	66.7	66.7	66.7
28	18	19	48.1	48.4	48.5	48.4	48.4	48.5	48.7	48.1	47.8	47.9	48.0	47.8	47.9	47.6	66.7	46.0	48.0	48.4	48.3	48.4	48.6	48.7	48.2	48.2	47.1	66.7	48.6	47.2	48.8	47.3	66.7	66.7
29	19	20	52.1	55.3	53.8	54.7	53.5	57.1	52.5	51.5	50.4	50.1	50.9	52.5	49.6	48.6	66.7	50.0	48.2	48.7	49.0	48.8	48.6	48.6	48.6	48.5	47.2	66.7	47.1	48.8	47.9	48.4	52.8	66.7
30	20	21	48.9	48.9	48.2	48.6	48.4	48.7	48.3	48.2	47.9	48.1	48.1	47.7	47.5	47.7	48.7	66.7	52.5	53.1	52.4	52.8	51.9	53.8	54.3	52.2	56.5	66.7	66.7	66.7	66.7	66.7	66.7	66.7
31	21	22	49.5	48.9	48.9	49.2	48.6	48.7	47.9	48.9	47.7	49.6	48.5	48.4	47.8	48.9	47.8	51.2	48.8	48.8	48.9	48.6	48.6	49.2	48.9	48.6	47.4	66.7	49.2	66.7	66.7	66.7	66.7	66.7
32	12	23	53.3	52.9	53.2	52.2	52.2	53.2	52.2	53.1	55.1	66.7	66.7	66.7	66.7	66.7	66.7	66.7	49.2	48.9	48.9	48.5	48.3	48.3	47.9	48.9	48.3	48.1	48.7	48.0	48.8	47.4	47.8	48.2
33	13	24	53.5	53.4	53.3	52.2	53.0	54.3	52.0	54.4	63.8	66.7	66.7	66.7	66.7	66.7	66.7	66.7	50.0	48.9	48.4	48.2	48.6	48.8	48.2	48.7	48.7	48.1	47.8	47.7	47.7	47.6	47.4	47.6
34	14	25	43.4	45.1	43.6	44.2	45.2	46.4	42.5	59.1	840.3	44.4	41.6	44.4	44.4	44.4	44.4	44.4	36.6	37.0	36.5	36.5	36.8	36.2	36.3	36.3	36.0	36.5	36.1	35.7	35.5	35.7	35.6	35.6
35	15	26	64.4	70.2	78.6	58.0	65.7	128.9	1020.4	2000.0	2000.0	2000.0	2000.0	66.7	66.7	66.7	66.7	66.7	49.2	48.7	48.5	48.5	48.4	48.0	49.3	48.9	49.6	49.3	48.4	48.1	47.9	48.6	46.5	47.8
36	16	27	80.8	87.4	85.9	523.6	1449.3	2000.0	2000.0	2000.0	2000.0	2000.0	2000.0	66.7	66.7	66.7	66.7	51.2	49.2	49.3	48.6	49.3	49.2	48.8	48.9	50.0	48.9	48.7	48.9	47.7	48.0	47.0	47.9	47.5
37	17	28	46.6	50.5	50.1	49.0	51.0	53.1	115.9	291.5	625.0	44.4	44.4	44.4	44.4	44.4	44.4	44.4	37.5	37.1	36.8	36.5	36.4	36.5	36.6	36.7	36.0	35.8	36.1	35.7	36.5	35.5	35.6	35.8
38	18	29	106.4	220.8	105.2	65.2	67.9	98.6	64.4	66.8	80.2	66.7	66.7	66.7	66.7	66.7	66.7	66.7	48.8	48.7	48.4	48.3	48.5	48.2	48.4	48.4	48.4	47.8	48.3	47.9	47.6	47.7	48.5	48.4
39	19	30	63.4	71.7	70.0	57.9	59.1	74.0	68.5	60.1	61.5	66.7	66.7	66.7	66.7	66.7	66.7	66.7	48.5	48.8	48.6	48.7	48.5	48.4	48.4	48.1	48.1	47.7	48.3	47.7	47.7	47.8	48.5	66.7
40	20	31	58.8	106.7	167.2	219.3	267.4	220.8	98.7	53.7	44.1	44.4	44.4	44.4	44.4	44.4	44.4	44.4	37.5	37.9	37.5	37.1	37.3	36.8	36.2	36.1	35.8	36.2	36.2	36.0	35.7	36.1	36.0	37.2
41	21	32	59.5	57.2	55.5	57.8	56.0	54.0	54.8	54.3	53.4	66.7	66.7	47.8	66.7	66.7	66.7	66.7	48.9	48.8	48.6	48.8	48.3	48.3	48.4	48.8	48.0	47.4	48.5	48.1	47.3	47.5	47.8	46.9
42	22	33	53.3	52.1	52.6	52.8	52.6	53.3	52.6	53.3	54.3	66.7	66.7	66.7	66.7	66.7	66.7	66.7	49.4	49.0	48.4	48.4	48.1	48.0	47.6	48.5	48.7	48.0	48.5	48.9	48.1	47.1	48.3	66.7
43	23	24	36.4	36.7	36.5	36.9	36.5	36.7	36.3	36.8	35.7	44.4	44.4	44.4	44.4	44.4	44.4	44.4	36.5	36.1	36.1	36.1	36.1	35.8	35.8	35.9	36.1	36.1	35.8	35.7	35.8	35.4	35.4	35.7
44	24	25	54.0	124.2	348.4	446.4	320.5	120.8	71.8	112.9	900.9	44.4	44.4	44.4	44.4	44.4	44.4	44.4	38.0	36.9	37.1	36.7	36.8	36.4	36.4	37.1	36.2	36.4	36.5	35.8	35.8	35.8	35.6	35.7
45	25	26	36.4	36.6	36.5	36.3	36.2	56.5	680.3	2000.0	1851.9	591.7	35.9	35.8	41.8	41.8	41.6	37.0	52.0	64.7	65.1	44.9	45.2	44.3	44.2	45.8	44.7	44.5	50.0	38.6	42.0	42.4	42.6	38.9
46	26	27	36.2	36.1	36.2	348.4	1052.6	1923.1	2000.0	2000.0	1298.7	555.6	409.8	35.4	44.4	44.4	44.4	44.4	37.7	37.3	37.5	36.4	36.5	37.9	44.1	49.9	241.5	140.1	37.6	35.4	35.5	35.6	35.2	35.4
47	27	28	82.6	300.3	1470.6	2000.0	2000.0	2000.0	2000.0	2000.0	990.1	495.0	334.4	395.3	36.7	37.2	44.4	44.4	40.4	38.0	37.9	56.5	110.4	144.9	463.0	442.5	2000.0	1250.0	1408.5	36.1	36.1	36.0	35.5	36.1
48	28	29	36.6	36.7	36.8	36.7	36.9	36.8	36.6	37.0	36.3	36.5	37.0	35.9	35.9	35.9	35.7	35.9	53.0	63.9	50.7	48.3	45.9	48.0	47.4	47.2	45.7	39.1	42.9	43.2	43.1	44.6	38.5	44.4
49	29	30	36.2	36.4	36.5	36.4	36.3	36.6	35.9	35.8	35.4	35.5	35.9	35.2	35.3	35.5	35.2	35.2	37.0	36.2	36.2	36.2	36.1	36.0	35.9	35.7	35.7	36.1	39.1	35.5	35.3	35.5	35.1	44.4
50	30	31	57.9	90.1	134.2	194.9	194.2	114.4	103.7	109.1	208.3	436.7	350.9	264.6	37.6	39.2	38.6	35.0	36.2	36.5	36.5	36.9	36.4	36.4	36.2	35.9	35.4	35.2	40.6	35.5	36.0	36.2	35.9	37.2
51	31	32	36.9	36.6	36.6	36.5	36.3	36.3	36.4	36.5	36.5	36.2	36.6	36.1	35.7	36.0	36.2	36.3	43.8	46.6	43.7	43.9	44.1	43.8	44.2	65.3	41.7	44.4	44.4	44.4	44.4	44.4	44.4	44.4
52	32	33	36.2	35.8	35.9	35.7	35.7	35.7	35.6	36.0	35.7	35.4	35.9	36.0	36.3	36.3	36.4	35.5	36.3	36.3	36.5	36.5	36.4	36.4	36.3	36.4	35.5	44.4	44.4	44.4	44.4	44.4	44.4	44.4
53	23	34	48.8	48.3	48.8	48.4	48.6	48.3	47.9	48.5	49.1	48.4	49.1	49.6	48.8	48.3	49.8	50.8	52.2	52.1	51.1	52.4	52.3	51.5	52.1	51.9	50.8	51.1	50.4	50.6	49.2	48.7	50.3	49.9
54	24	35	48.7	48.2	48.4	48.3	48.1	48.3	48.1	48.9	47.9	48.7	48.9	48.7	50.5	48.1	49.2	66.7	54.7	53.8	53.2	53.3	53.1	55.9	52.9	56.0	51.0	52.2	50.7	49.3	50.8	49.8	47.2	51.1
55	25	36	36.1	36.4	36.3	36.3	36.3	36.7	37.2	39.2	35.9	37.7	39.4	40.7	37.5	37.8	35.4	37.8	93.9	315.5	800.0	1176.5	1149.4	675.7	740.7	529.1	1388.9	190.5	39.7	41.3	40.7	39.8	38.5	40.3
56	26	37	48.2	48.0	48.3	48.4	48.3	48.3	48.6	49.1	48.3	48.0	47.7	49.8	49.8	48.5	49.5	48.4	73.0	90.4	70.7	57.9	57.0	87.5	598.8	990.1	2000.0	1785.7	174.5	51.0	50.5	51.1	50.7	50.1
57	27	38	48.3	48.4	48.4	49.0	48.1	48.2	48.7	49.0	48.3	48.8	48.4	48.1	47.6	49.4	48.0	66.7	65.0	71.6	88.4	396.8	769.2	1470.6	1136.4	1666.7	2000.0	1923.1	480.8	51.2	50.3	51.1	50.6	50.3
58	28	39	36.2	36.6	36.5	46.8	120.5	432.9	471.7	135.0	36.5	36.5	36.2	36.4	44.4	40.2	44.4	44.4	89.4	355.9	970.9	1666.7	1176.5	1369.9	961.5	403.2	109.3	44.2	42.2	41.8	43.5	46.1	41.4	40.3
59	29	40	48.1	48.1	48.5	48.6	48.2	48.4	48.9	48.1	47.9	48.1	48.8	48.4	47.6	50.1	66.7	66.7	91.2	217.9	117.8	76.0	62.1	67.1	67.2	60.9	55.6	52.2	54.1	50.5	50.8	50.2	49.3	50.9
60	30	41	48.2	48.1	48.4	48.5	48.0	48.1	48.7	48.6	47.5	48.1	48.0	47.0	48.6	51.8	66.7	49.2	69.2	81.6	70.8	61.4	60.6	56.0	54.5	56.2	51.4	54.6	51.0	51.5	50.1	51.5	50.0	66.7
61	31	42	35.9	36.3	36.4	36.7	81.7	813.0	1694.9	2000.0	2000.0	2000.0	2000.0	1754.4	1470.6	92.8	44.4	44.4	48.7	57.5	66.4	90.1	46.1	45.4	42.6	41.1	37.6	37.8	44.3	44.5	43.4	45.0	42.1	48.4
62	32	43	48.6	48.7	48.7	48.8	48.4	48.1	48.2	48.6	47.6	47.8	48.9	48.2	47.4	50.3	51.2	66.7	51.6	53.0	52.5	56.4	52.4	54.1	51.9	52.2	51.4	49.8	51.5	53.9	49.7	50.5	49.2	48.5
63	33	44	48.4	48.8	48.7	48.7	48.4	48.2	48.8	48.9	48.1	48.5	49.4	49.2	49.3	50.1	48.4	48.9	52.1	51.9	51.1	50.9	53.0	51.4	52.9	52.9	52.3	66.7	55.9	50.2	49.4	49.6	50.1	50.3
64	34	35	49.1	48.4	48.9	48.7	48.7	48.6	48.7	48.5	50.1	66.7	47.6	46.6	51.2	66.7	66.7	66.7	48.2	48.7	48.6	48.1	48.1	48.1	48.5	48.4	48.8	49.2	48.6	49.2	49.0	49.0	49.4	49.0
65	35	36	59.3	96.9	141.8	159.0	73.2	65.6	59.7	81.0	88.9	66.7	66.7	66.7	66.7	66.7	66.7	66.7	48.1	48.4	48.0	48.8	48.1	48.7	48.9	48.7	48.0	48.0	47.9	47.8	48.1	48.3	48.5	47.4
66	36	37	48.5	48.2	48.4	48.6	48.4	48.6	48.3	48.6	48.1	47.9	48.2	49.2	47.5	51.2	66.7	47.2	59.4	56.1	65.0	54.4	55.6	60.2	60.5	69.3	51.5	56.4	53.0	50.5	50.4	51.1	49.8	51.9
67	37	38	47.9	48.0	48.5	48.3	48.3	48.1	48.1	48.3	47.8	47.1	48.6	48.2	66.7	66.7	66.7	66.7	48.6	48.2	48.2	48.2	47.8	48.1	48.2	48.3	47.7	48.5	48.2	48.3	48.1	48.3	48.0	47.2
68	38	39	102.6	98.4	151.7	980.4	2000.0	2000.0	2000.0	1282.1	377.4	56.1	60.0	52.1	51.6	47.8	66.7	66.7	48.5	48.3	48.2	48.6	48.9	49.0	48.5	48.6	48.2	47.9	48.3	47.7	48.1	48.5	47.5	47.6
69	39	40	48.5	48.3	48.5	48.5	48.3	48.1	48.8	48.6	48.2	48.4	48.3	48.0	48.1	47.3	48.0	48.1	62.9	67.2	195.7	374.5	1149.4	1639.3	1351.4	892.9	269.5	50.2	52.3	55.6	53.6	51.6	55.1	66.7
70	40	41	48.0	48.4	48.4	47.8	48.2	48.4	48.3	47.8	47.9	48.1	47.6	48.4	48.2	48.0	48.0	49.6	48.4	48.4	48.4	48.2	48.3	48.3	48.1	48.4	48.3	48.0	48.1	48.6	48.0	48.1	46.9	66.7
71	41	42	59.3	96.4	76.9	82.2	149.3	746.3	1369.9	2000.0	2000.0	2000.0	2000.0	2000.0	2000.0	421.9	51.7	66.7	48.3	48.7	48.6	48.5	48.3	48.4	48.1	48.9	48.2	49.0	48.9	48.2	48.5	48.2	47.5	48.9
72	42	43	48.7	48.3	48.2	48.6	48.0	48.1	48.7	48.5	48.6	49.5	49.2	49.7	49.5	48.8	49.2	48.3	59.4	85.4	100.6	61.6	187.6	1219.5	2000.0	2000.0	2000.0	2000.0	2000.0	2000.0	2000.0	1333.3	66.7	66.7
73	43	44	48.8	48.0	48.1	48.2	47.8	48.1	47.9	48.4	48.3	48.9	48.2	48.9	49.1	48.9	48.7	49.7	49.1	48.5	48.1	48.8	49.2	48.6	48.1	48.7	47.9	51.2	53.8	66.7	66.7	53.8	66.7	66.7
74	34	45	48.2	48.1	47.9	48.2	48.4	48.4	48.5	48.4	49.6	50.6	48.6	50.8	50.6	66.7	66.7	66.7	48.3	48.2	48.1	47.6	47.9	48.2	49.0	48.3	48.3	49.6	48.9	48.3	49.1	48.4	48.3	48.4
75	35	46	48.2	48.3	48.2	48.4	48.1	48.7	48.7	48.5	47.5	49.6	49.5	46.5	66.7	51.2	66.7	53.8	47.7	48.0	48.0	47.6	47.6	49.0	48.5	48.7	48.2	48.7	48.5	47.9	47.7	47.9	48.8	48.7
76	36	47	35.6	35.8	35.7	35.8	36.0	36.9	36.2	35.8	36.3	35.1	35.5	53.9	41.8	44.4	39.8	44.4	36.7	36.7	36.2	36.0	36.0	35.9	36.7	36.9	35.5	35.5	35.9	35.4	35.5	35.5	35.8	35.4
77	37	48	48.2	48.2	48.4	48.3	48.2	48.7	48.6	48.1	48.4	47.3	48.2	66.7	50.9	51.8	51.2	66.7	48.0	48.5	48.0	47.7	47.8	48.2	48.2	48.2	48.4	48.2	48.3	48.4	48.2	49.1	48.4	48.5
78	38	49	48.1	47.9	48.1	48.3	48.3	48.5	48.3	48.2	47.6	47.5	48.0	48.2	50.2	49.3	66.7	66.7	48.1	47.9	47.8	48.3	47.7	47.7	48.4	48.2	48.4	48.1	48.0	48.8	48.1	48.3	48.4	48.0
79	39	50	35.9	36.4	36.3	127.6	1388.9	961.5	840.3	531.9	256.4	35.3	35.4	35.3	44.4	44.4	44.4	44.4	37.1	36.7	37.0	169.5	393.7	357.1	71.5	36.5	35.9	37.5	35.7	35.7	35.7	35.5	35.3	35.6
80	40	51	48.2	48.3	48.3	48.1	48.0	48.6	48.4	48.3	48.2	47.5	48.2	48.3	48.7	48.3	45.2	66.7	48.3	48.2	48.1	47.9	47.7	47.8	48.5	48.2	48.3	48.4	47.7	48.3	48.3	48.0	48.4	48.6
81	41	52	48.5	48.2	48.0	48.4	47.8	48.3	48.5	48.3	47.9	216.0	396.8	380.2	47.7	53.1	66.7	66.7	47.8	47.9	48.1	47.9	47.5	48.4	48.7	48.5	48.1	48.9	48.3	48.3	48.2	47.8	50.3	49.2
82	42	53	35.9	35.7	36.1	291.5	2000.0	2000.0	2000.0	2000.0	2000.0	2000.0	2000.0	1694.9	877.2	235.3	44.4	44.4	37.7	36.1	36.2	36.2	36.0	46.3	71.8	74.4	111.4	36.1	53.0	57.4	170.6	36.7	36.2	35.1
83	43	54	48.0	48.6	48.0	48.6	48.1	48.9	48.4	48.4	47.9	49.4	48.0	47.8	48.5	49.2	49.7	66.7	47.6	47.8	47.9	47.9	47.6	48.6	48.3	48.5	47.5	47.7	50.0	48.5	48.6	49.0	47.9	47.7
84	44	55	48.6	48.3	48.4	48.1	48.3	48.7	48.5	48.2	47.7	49.0	47.9	48.2	47.2	50.3	49.2	66.7	48.1	47.9	48.0	47.6	47.7	50.5	48.3	48.6	48.3	49.5	50.1	49.0	49.8	48.5	48.7	47.8
85	45	46	48.5	48.5	48.9	49.0	49.0	48.5	48.7	48.4	46.0	47.8	46.6	53.2	66.7	66.7	47.8	53.2	47.8	47.9	48.0	47.6	47.8	48.9	48.6	49.4	49.0	48.8	48.4	48.8	48.6	47.2	49.4	49.0
86	46	47	60.0	77.2	82.2	96.1	78.6	99.1	126.1	66.6	50.2	66.7	66.7	66.7	66.7	66.7	66.7	66.7	47.9	48.6	48.5	48.3	48.5	48.9	48.5	48.4	48.4	47.9	48.0	47.8	48.4	47.8	48.1	47.8
87	47	48	48.1	48.6	48.2	48.4	48.1	48.7	48.3	48.1	48.2	47.9	47.9	47.3	66.7	49.5	46.6	48.5	58.9	60.1	77.5	74.5	56.4	72.5	75.5	60.6	55.2	52.7	53.9	51.4	50.9	50.2	50.3	50.8
88	48	49	48.2	48.2	48.5	48.4	48.2	48.2	48.6	48.5	49.1	48.0	47.8	48.0	51.2	66.7	66.7	66.7	47.9	48.0	48.2	48.1	48.1	48.2	48.4	48.3	48.1	48.2	48.1	48.3	47.8	47.9	48.0	47.4
89	49	50	68.3	94.8	132.6	507.6	1724.1	1960.8	2000.0	2000.0	2000.0	675.7	51.6	55.1	54.3	52.4	66.7	48.6	48.3	48.4	48.3	48.3	49.3	48.4	48.6	48.5	48.3	48.1	48.0	48.2	48.0	47.9	48.1	48.0
90	50	51	48.3	48.0	48.5	48.7	48.8	48.8	49.6	49.1	48.6	48.1	48.0	48.3	48.0	47.9	48.8	47.8	62.3	160.8	157.0	456.6	1282.1	1612.9	2000.0	2000.0	1639.3	411.5	54.9	56.8	53.7	50.5	57.5	48.0
91	51	52	47.9	48.2	48.5	48.1	48.4	48.0	48.4	48.5	48.1	373.1	900.9	104.7	47.8	48.0	48.0	47.9	48.4	48.0	48.2	48.0	48.0	48.2	48.5	48.2	47.9	47.4	47.8	48.1	48.4	47.8	47.8	66.7
92	52	53	58.1	63.8	62.3	224.2	862.1	1785.7	2000.0	2000.0	2000.0	2000.0	2000.0	2000.0	2000.0	1960.8	751.9	51.0	48.3	48.4	48.4	48.2	48.3	48.8	48.7	48.9	48.9	48.3	57.4	52.9	48.7	48.5	47.6	66.7
93	53	54	47.9	47.9	48.7	49.0	48.4	49.0	49.3	48.8	48.6	49.5	49.1	49.1	49.2	49.3	48.6	48.1	54.6	68.0	283.3	483.1	2000.0	2000.0	2000.0	2000.0	2000.0	2000.0	2000.0	2000.0	2000.0	2000.0	401.6	66.7
94	54	55	47.6	48.4	47.5	47.8	48.0	48.2	49.0	48.5	48.3	48.4	48.4	48.6	48.9	48.7	49.0	48.7	48.3	48.8	48.1	48.3	48.0	48.5	48.9	48.6	46.5	66.7	66.7	66.7	46.6	49.2	66.7	66.7
95	45	56	51.9	52.8	51.9	52.4	52.0	51.6	52.7	53.0	51.8	66.7	49.8	66.7	66.7	66.7	52.6	66.7	48.0	48.1	48.3	48.1	48.0	48.1	48.6	49.2	48.4	48.3	48.3	48.4	48.5	48.5	49.8	48.5
96	46	57	52.4	53.6	51.8	53.4	53.3	53.3	53.4	52.5	51.7	49.0	66.7	66.7	66.7	66.7	48.6	66.7	48.1	48.8	48.3	48.3	49.2	48.5	47.9	49.5	48.4	48.2	48.1	48.0	47.9	48.7	48.3	47.6
97	47	58	46.6	50.0	55.5	59.8	56.4	47.7	47.3	47.1	47.7	50.1	48.4	37.9	44.4	34.7	44.4	44.4	36.2	36.4	36.5	36.7	36.3	36.7	36.4	36.6	36.2	36.4	36.3	36.0	36.1	36.1	35.8	35.6
98	48	59	63.4	93.2	161.3	64.3	111.1	95.0	145.1	800.0	2000.0	2000.0	2000.0	2000.0	66.7	66.7	64.4	66.7	48.5	48.0	48.1	48.2	48.7	49.2	48.7	49.1	49.4	49.0	48.8	48.7	47.9	47.4	47.8	47.3
99	49	60	69.6	118.2	186.6	185.5	365.0	877.2	1818.2	2000.0	2000.0	2000.0	2000.0	2000.0	2000.0	211.9	66.7	66.7	48.3	48.3	48.8	48.6	49.1	48.7	49.0	49.4	48.6	49.0	48.8	48.6	48.3	49.2	47.4	48.0
100	50	61	59.1	113.8	467.3	1149.4	2000.0	917.4	800.0	515.5	436.7	512.8	67.7	47.1	55.4	50.8	46.8	44.4	36.8	36.8	36.4	36.5	46.7	69.0	67.8	39.2	39.6	36.4	36.7	36.5	36.4	36.2	36.3	35.9
101	51	62	83.8	122.9	219.8	729.9	2000.0	2000.0	2000.0	1785.7	2000.0	2000.0	2000.0	2000.0	2000.0	350.9	60.4	66.7	48.4	48.2	48.7	48.8	47.9	48.2	48.9	48.7	48.6	48.1	48.3	48.1	48.7	48.1	48.9	47.9
102	52	63	102.4	94.1	84.1	165.3	425.5	1666.7	1612.9	1694.9	1515.2	2000.0	2000.0	2000.0	2000.0	1724.1	50.5	66.7	48.2	48.1	47.9	48.6	48.9	49.3	48.8	48.4	48.0	67.2	193.8	100.1	48.9	48.4	47.5	48.4
103	53	64	73.7	230.4	885.0	2000.0	2000.0	2000.0	1960.8	2000.0	2000.0	2000.0	2000.0	1724.1	662.3	366.3	128.9	44.4	36.2	36.4	36.2	39.0	49.9	115.7	507.6	2000.0	2000.0	2000.0	2000.0	2000.0	1818.2	458.7	36.0	35.7
104	54	65	57.3	53.6	55.7	54.9	56.8	62.7	56.8	53.3	51.0	48.1	49.4	50.6	50.4	50.8	66.7	66.7	48.0	48.2	48.0	47.9	48.0	48.7	48.6	48.1	47.5	46.7	48.0	47.2	48.1	48.6	47.9	47.6
105	55	66	52.4	52.3	52.5	51.9	52.8	51.5	52.6	52.7	49.9	51.8	50.0	50.9	49.2	49.6	66.7	66.7	48.4	48.2	48.3	48.5	48.9	48.5	49.0	47.7	48.6	48.1	48.0	48.1	47.8	48.4	47.4	47.9
106	56	57	36.4	36.2	36.2	36.2	36.3	36.4	36.2	36.4	35.8	44.4	44.4	44.4	44.4	44.4	44.4	44.4	36.0	35.5	35.6	35.6	36.3	35.7	36.1	36.7	35.8	35.7	35.9	35.8	35.7	36.2	35.6	35.5
107	57	58	45.1	48.3	47.2	46.8	54.7	66.4	60.5	79.2	70.9	44.4	44.4	44.4	44.4	44.4	44.4	44.4	36.7	36.0	36.0	36.3	36.7	36.1	37.0	37.5	36.5	36.0	35.7	36.2	36.0	36.2	36.2	35.9
108	58	59	36.3	36.7	36.7	36.4	36.4	36.6	93.0	746.3	1063.8	840.3	531.9	160.8	44.4	44.4	35.8	44.4	66.5	170.9	244.5	263.2	166.7	95.6	45.0	50.1	44.7	42.6	43.2	44.0	43.6	43.8	41.3	46.2
109	59	60	36.3	36.8	36.7	36.6	137.2	595.2	2000.0	1960.8	1754.4	1369.9	1754.4	1123.6	1123.6	458.7	44.4	44.4	36.8	36.2	37.0	36.7	37.1	36.2	38.2	78.7	99.5	121.7	251.9	144.5	35.8	35.8	35.4	35.3
110	60	61	61.5	177.6	561.8	543.5	775.2	1408.5	2000.0	1587.3	1492.5	1351.4	1351.4	1250.0	1000.0	529.1	2000.0	44.4	36.3	36.8	37.0	36.5	36.8	36.4	39.1	51.4	51.5	55.9	62.7	140.6	163.4	65.1	36.2	35.8
111	61	62	37.7	38.6	38.1	54.5	108.3	169.2	145.1	55.6	53.9	87.5	130.4	240.4	159.2	36.5	35.8	35.1	91.1	302.1	900.9	2000.0	2000.0	1111.1	609.8	649.4	1063.8	1351.4	1587.3	1388.9	1087.0	1408.5	411.5	1818.2
112	62	63	37.4	37.0	36.7	37.8	157.5	82.4	70.5	84.0	39.0	377.4	1818.2	1960.8	460.8	209.2	34.8	35.3	35.9	36.6	36.1	476.2	2000.0	1219.5	833.3	565.0	1030.9	1315.8	793.7	239.8	46.6	35.6	35.1	44.4
113	63	64	69.8	229.9	365.0	819.7	1470.6	952.4	666.7	632.9	1785.7	2000.0	2000.0	2000.0	680.3	409.8	293.3	39.4	36.7	36.4	36.6	36.9	240.4	833.3	1052.6	471.7	281.7	36.4	51.4	107.8	64.3	43.2	36.1	44.4
114	64	65	36.2	36.7	36.3	37.0	37.0	36.7	36.5	36.3	36.4	35.7	36.0	35.7	36.3	36.6	35.7	35.8	47.7	49.5	70.7	49.2	52.5	57.6	60.7	83.5	1282.1	2000.0	2000.0	2000.0	2000.0	44.4	44.4	44.4
115	65	66	35.6	35.4	35.4	36.3	36.0	36.4	35.8	36.4	35.5	36.0	35.9	35.8	35.6	35.6	36.2	35.5	36.5	36.3	36.1	36.2	36.8	36.2	36.1	36.5	36.0	44.4	44.4	44.4	44.4	44.4	44.4	44.4
116	56	67	47.9	48.2	48.0	48.1	48.5	48.2	49.2	48.3	48.4	48.8	50.1	49.8	49.2	48.2	48.0	66.7	51.8	53.1	51.6	52.7	52.1	52.1	52.1	52.5	51.2	50.2	51.8	51.1	49.7	66.7	66.7	52.0
117	57	68	47.9	48.0	48.1	49.1	48.3	48.3	48.5	48.3	48.1	47.7	48.7	48.8	49.3	47.8	48.3	66.7	54.2	54.8	56.1	57.0	55.5	55.1	54.9	57.0	52.5	50.5	50.9	50.2	50.4	51.7	49.2	51.6
118	58	69	37.0	37.2	38.6	44.6	64.5	70.0	59.9	101.7	182.1	367.6	393.7	36.0	35.9	35.6	35.9	38.4	83.1	193.8	714.3	2000.0	2000.0	2000.0	2000.0	1562.5	1000.0	571.4	546.4	497.5	40.3	36.4	34.5	39.5
119	59	70	48.2	48.3	48.5	48.5	48.5	48.9	48.8	48.4	47.9	47.6	48.6	48.8	48.0	47.4	47.3	66.7	95.1	98.3	150.4	60.0	84.6	179.9	204.9	1204.8	2000.0	2000.0	2000.0	2000.0	50.7	51.8	50.5	50.6
120	60	71	48.0	48.2	48.6	48.8	48.6	48.7	48.3	48.4	48.2	47.8	48.1	48.3	48.0	47.8	47.4	48.6	82.8	111.1	197.6	158.5	371.7	1351.4	2000.0	2000.0	2000.0	2000.0	2000.0	2000.0	2000.0	787.4	54.5	50.4
121	61	72	36.4	38.3	38.7	48.9	45.7	51.4	49.9	51.3	72.9	115.2	591.7	595.2	1449.3	2000.0	2000.0	1298.7	62.8	109.3	169.5	448.4	609.8	2000.0	2000.0	2000.0	2000.0	2000.0	1282.1	714.3	375.9	47.1	44.1	46.3
122	62	73	48.6	48.3	48.4	48.3	49.6	49.7	49.7	71.1	746.3	510.2	48.6	49.5	48.0	47.6	47.3	66.7	82.4	100.3	142.9	617.3	1754.4	2000.0	2000.0	2000.0	2000.0	2000.0	2000.0	2000.0	2000.0	54.8	56.5	49.8
123	63	74	48.3	48.5	48.5	48.7	49.8	49.7	49.3	49.1	48.5	48.0	48.8	48.1	48.1	48.0	47.9	66.7	131.1	85.0	73.3	122.1	598.8	1298.7	1298.7	1587.3	1315.8	346.0	281.7	540.5	300.3	196.5	52.6	50.2
124	64	75	36.3	37.0	38.0	37.2	38.6	36.9	36.7	36.4	36.3	36.3	36.1	35.9	36.2	36.3	35.7	44.4	46.1	49.4	48.1	48.7	57.4	58.4	80.4	248.1	2000.0	2000.0	2000.0	2000.0	199.2	35.8	40.3	45.0
125	65	76	48.5	48.1	48.0	49.0	48.9	48.8	48.5	48.7	48.9	48.4	48.0	47.9	48.0	47.9	47.7	66.7	52.8	53.4	53.7	52.9	53.5	56.2	56.5	53.2	50.9	52.6	50.5	49.5	66.7	56.7	66.7	66.7
126	66	77	47.6	48.3	48.3	48.5	48.9	49.1	48.7	48.6	48.0	49.7	48.7	48.1	47.8	47.7	47.8	66.7	52.4	53.2	52.3	51.1	51.9	51.7	51.4	52.7	52.1	66.7	48.7	77.7	66.7	49.5	66.7	66.7
127	67	68	48.9	48.5	48.6	48.3	48.6	49.0	48.6	49.1	49.8	66.7	66.7	66.7	51.8	66.7	66.7	66.7	47.0	48.1	48.2	49.0	48.8	48.9	48.2	49.0	48.0	49.0	49.2	47.9	48.9	45.8	47.7	47.6
128	68	69	57.3	57.3	106.3	261.8	1136.4	2000.0	2000.0	2000.0	2000.0	2000.0	1851.9	66.7	66.7	66.7	66.7	66.7	48.6	48.1	48.6	49.0	48.9	50.0	49.4	48.9	48.9	48.5	48.8	48.4	49.2	47.6	48.6	47.3
129	69	70	48.1	48.3	48.3	48.4	48.4	49.8	48.5	48.6	48.6	48.3	48.2	66.7	45.8	66.7	49.2	66.7	60.1	60.6	97.1	181.5	387.6	1234.6	1960.8	2000.0	2000.0	1351.4	254.4	50.4	49.7	50.6	50.7	51.6
130	70	71	48.2	48.4	48.4	48.3	48.1	48.3	48.4	48.0	47.8	47.6	47.8	48.5	66.7	66.7	66.7	66.7	47.9	48.0	48.0	48.4	48.5	48.6	48.4	48.4	48.4	47.4	47.5	47.9	47.8	48.2	47.4	47.5
131	71	72	59.6	91.7	512.8	2000.0	2000.0	2000.0	2000.0	2000.0	2000.0	2000.0	2000.0	2000.0	2000.0	2000.0	2000.0	2000.0	48.2	48.4	48.4	48.8	49.0	49.2	48.8	49.4	47.7	48.4	48.4	48.5	48.7	49.4	48.9	47.8
132	72	73	48.3	48.8	48.5	48.5	48.7	48.2	48.3	48.8	111.2	60.5	47.8	48.8	49.2	66.7	50.1	48.6	63.5	114.5	384.6	1449.3	2000.0	2000.0	2000.0	2000.0	2000.0	2000.0	2000.0	2000.0	2000.0	2000.0	2000.0	2000.0
133	73	74	48.5	48.3	48.3	48.2	48.2	48.4	48.2	48.2	48.0	47.9	47.7	47.8	47.2	47.0	47.3	48.1	48.4	48.3	48.6	49.2	48.7	48.7	48.1	72.9	1724.1	1639.3	47.8	46.7	47.3	47.0	47.6	66.7
134	74	75	63.8	71.4	210.1	568.2	869.6	303.0	63.0	60.5	51.5	49.7	51.0	60.5	50.8	51.6	66.7	50.4	48.2	49.0	48.7	49.1	48.8	48.9	48.4	48.3	47.8	47.2	47.8	47.8	47.8	47.7	47.9	66.7
135	75	76	48.1	48.4	48.4	48.7	48.5	48.5	48.3	47.6	48.0	47.6	47.7	48.1	47.7	47.6	46.6	48.4	60.8	65.6	140.1	507.6	130.7	148.8	80.3	81.0	52.6	66.7	66.7	66.7	66.7	47.8	66.7	66.7
136	76	77	48.0	48.3	48.1	48.9	49.3	48.5	48.6	47.9	48.0	47.0	48.7	48.5	48.1	47.9	47.4	66.7	48.8	48.9	48.7	50.4	49.1	48.7	48.5	48.4	47.7	66.7	66.7	66.7	66.7	66.7	66.7	66.7
137	67	78	48.5	48.9	49.2	49.2	48.5	48.6	48.2	48.2	47.9	47.8	48.0	47.2	47.3	66.7	48.6	66.7	47.9	48.5	49.1	48.9	48.7	47.9	48.0	48.6	48.0	48.7	47.1	48.2	48.4	66.7	66.7	47.6
138	68	79	48.2	48.2	48.8	48.7	47.9	48.2	47.9	48.1	47.9	48.1	47.9	48.2	48.4	47.6	48.4	48.3	48.6	48.7	48.7	49.0	48.9	48.0	48.3	48.3	47.9	48.5	48.3	46.9	66.7	47.0	46.7	48.8
139	69	80	36.5	38.7	38.5	35.9	35.6	47.2	76.4	124.5	273.2	277.8	36.5	35.3	35.3	35.4	35.4	36.7	35.9	36.2	36.3	107.9	862.1	2000.0	1960.8	2000.0	1098.9	632.9	401.6	35.6	35.1	35.3	37.6	35.3
140	70	81	48.3	48.5	49.0	48.8	48.2	47.7	48.1	47.8	47.8	47.8	47.5	47.9	47.6	47.5	47.6	47.3	48.3	48.5	48.6	48.4	48.4	48.2	48.1	47.8	47.4	47.4	48.1	47.4	47.9	46.0	49.2	46.6
141	71	82	48.2	48.7	49.0	48.2	48.1	47.8	48.5	48.0	47.3	47.6	47.6	47.8	47.7	47.2	47.5	48.1	48.5	48.1	49.1	48.7	48.4	48.4	48.3	48.6	49.0	47.5	47.5	47.9	47.9	46.7	47.6	47.6
142	72	83	36.6	38.4	50.1	36.0	35.9	36.1	35.9	59.1	113.3	892.9	2000.0	1562.5	2000.0	2000.0	2000.0	757.6	35.8	36.0	40.5	39.7	36.2	373.1	2000.0	2000.0	2000.0	2000.0	1785.7	869.6	322.6	83.1	43.5	35.3
143	73	84	47.8	48.5	48.8	48.6	48.1	48.7	48.2	48.1	48.4	48.1	47.7	47.8	47.4	47.6	46.6	48.0	48.6	48.3	48.4	48.2	48.3	47.9	48.1	79.6	885.0	176.7	47.6	47.6	46.6	48.1	47.5	47.4
144	74	85	48.2	49.2	49.0	48.4	47.7	48.0	48.2	48.0	48.1	47.0	47.5	47.6	47.5	47.9	47.8	48.1	48.4	48.2	48.6	48.4	48.1	48.2	48.2	48.0	47.5	47.4	47.6	48.1	47.0	47.9	66.7	46.6
145	75	86	36.5	37.1	37.5	36.9	35.8	36.3	36.1	35.8	35.4	35.4	35.2	35.3	35.6	35.8	35.4	37.0	35.6	35.7	37.5	37.1	36.4	35.9	35.6	35.7	35.1	35.2	35.3	35.4	34.6	39.7	34.5	35.3
146	76	87	48.4	48.3	49.2	49.0	47.7	47.8	48.0	47.8	47.0	47.7	47.1	47.5	47.3	48.0	47.9	47.5	48.1	48.4	48.8	48.4	48.2	47.8	48.1	47.8	47.4	46.6	49.9	47.3	66.7	66.7	66.7	49.8
147	77	88	48.3	49.2	49.2	48.7	48.3	48.2	48.0	48.5	48.1	48.2	48.0	48.9	48.3	48.0	48.2	66.7	48.2	48.6	49.2	48.8	48.1	48.3	48.1	48.5	47.6	66.7	47.5	47.2	66.7	47.3	66.7	66.7
148	78	79	49.0	48.9	48.7	48.2	48.4	48.4	48.8	48.7	48.4	66.7	66.7	66.7	66.7	66.7	66.7	66.7	48.1	48.7	48.9	49.1	48.1	47.9	48.1	47.7	48.5	48.4	48.5	48.0	48.9	48.4	48.4	49.4
149	79	80	59.6	71.2	86.9	64.1	56.9	473.9	1612.9	2000.0	2000.0	2000.0	66.7	66.7	66.7	66.7	66.7	66.7	48.6	49.0	48.9	48.7	48.5	48.3	49.1	48.8	48.4	49.1	48.2	47.4	47.3	47.1	48.2	48.2
150	80	81	49.0	48.5	48.5	48.5	48.2	48.5	48.3	48.3	48.4	47.9	47.7	66.7	50.6	51.0	49.8	66.7	55.0	80.9	76.3	62.0	67.4	271.0	900.9	2000.0	2000.0	1123.6	51.7	51.6	50.3	50.0	50.9	50.8
151	81	82	48.3	48.3	48.0	48.0	48.1	48.3	48.3	48.0	47.7	47.7	48.0	47.1	66.7	66.7	66.7	66.7	48.2	48.4	48.8	48.0	48.8	48.4	48.6	47.8	47.9	47.6	48.0	47.7	48.0	47.2	47.3	47.5
152	82	83	64.4	193.1	306.7	58.2	67.2	87.7	290.7	1666.7	2000.0	2000.0	2000.0	2000.0	2000.0	2000.0	2000.0	2000.0	48.7	49.1	49.4	48.2	48.5	48.1	48.0	49.5	49.0	48.6	48.7	48.7	47.9	47.9	49.2	47.9
153	83	84	48.5	48.6	48.3	48.2	48.0	48.3	48.0	48.1	48.1	48.4	48.0	47.7	48.0	66.7	66.7	48.6	85.1	135.1	350.9	70.5	57.1	86.1	272.5	1470.6	2000.0	2000.0	2000.0	2000.0	2000.0	2000.0	2000.0	2000.0
154	84	85	48.3	48.4	48.2	48.0	47.9	48.1	48.2	48.5	48.5	47.7	47.7	48.0	47.6	47.8	47.3	47.9	48.9	49.1	48.6	48.0	48.2	48.3	48.1	48.1	48.0	47.7	48.0	47.3	48.0	48.0	46.8	66.7
155	85	86	58.9	67.1	62.0	64.4	55.3	55.4	55.9	56.9	50.2	50.8	51.8	52.8	61.6	49.8	66.7	50.6	48.4	49.2	49.0	48.2	48.5	48.4	48.2	48.6	47.6	47.3	47.8	47.5	47.5	48.4	47.0	66.7
156	86	87	48.0	49.0	48.5	48.2	48.1	47.8	47.9	48.1	48.0	48.1	47.6	47.7	47.6	48.2	47.4	49.0	58.3	83.8	73.0	60.2	62.8	64.4	73.2	62.4	51.9	66.7	66.7	66.7	66.7	66.7	66.7	66.7
157	87	88	47.7	49.5	48.5	48.0	48.3	48.3	47.9	48.8	48.6	48.2	47.8	48.0	48.5	48.9	47.9	49.5	48.8	48.7	49.2	48.7	49.0	48.6	48.5	48.0	46.8	66.7	66.7	66.7	47.6	46.6	49.2	66.7
158	78	89	52.1	50.9	51.7	53.1	52.2	51.8	52.4	51.3	50.1	49.7	50.6	49.7	49.0	49.1	51.2	66.7	49.3	49.3	48.9	48.1	48.4	48.1	48.1	48.8	47.8	66.7	48.3	46.9	47.5	66.7	49.2	48.7
159	79	90	51.7	51.4	53.6	55.8	52.9	52.7	53.1	52.2	52.3	51.3	50.1	50.1	50.9	50.1	49.5	51.5	48.6	49.7	48.9	48.4	48.6	48.7	48.1	48.3	47.8	66.7	47.3	48.1	66.7	47.3	47.9	47.8
160	80	91	51.9	46.7	43.2	43.1	45.8	47.2	48.0	56.3	58.0	42.8	48.0	40.0	38.8	40.0	44.9	38.5	35.9	36.4	36.7	36.5	36.2	374.5	1666.7	2000.0	1388.9	746.3	36.3	36.4	35.3	35.9	36.6	35.8
161	81	92	68.8	54.8	59.3	56.0	56.3	64.1	71.2	56.7	54.3	50.4	51.0	50.9	50.4	50.5	50.4	51.9	49.7	49.5	48.3	48.3	48.4	48.1	48.4	48.2	47.9	66.7	48.0	47.9	46.6	48.5	48.3	48.4
162	82	93	69.1	97.8	60.3	59.1	58.2	62.4	66.3	62.4	70.4	50.6	52.4	51.5	50.4	51.0	50.5	52.9	48.2	48.9	48.9	48.3	48.3	48.1	48.4	48.4	47.8	66.7	47.1	47.1	66.7	48.0	46.8	47.2
163	83	94	142.5	232.6	116.3	43.0	44.6	49.2	66.9	108.2	724.6	2000.0	2000.0	2000.0	2000.0	2000.0	2000.0	613.5	36.3	37.2	37.2	36.6	36.3	36.5	199.2	1754.4	2000.0	2000.0	1886.8	380.2	35.9	36.1	36.4	36.4
164	84	95	66.7	69.4	60.0	61.5	138.5	337.8	952.4	2000.0	2000.0	2000.0	2000.0	2000.0	2000.0	2000.0	2000.0	2000.0	48.4	49.2	48.5	48.4	48.3	48.3	48.1	49.3	48.4	48.5	48.4	47.8	49.1	48.7	48.2	48.1
165	85	96	63.8	70.6	61.1	62.7	58.7	59.3	83.1	775.2	2000.0	2000.0	2000.0	2000.0	2000.0	2000.0	2000.0	2000.0	48.9	49.1	48.3	48.4	48.4	48.3	47.8	48.2	48.5	48.4	48.4	47.9	51.6	48.9	66.7	47.4
166	86	97	80.5	82.1	47.8	46.0	45.7	46.9	103.3	157.0	91.2	41.2	43.6	40.4	42.6	43.3	41.9	46.6	35.9	38.3	37.4	36.4	36.0	36.0	36.2	36.0	35.4	35.4	35.7	35.1	35.2	34.9	35.0	35.5
167	87	98	52.5	54.0	54.7	55.3	51.9	52.1	54.3	53.3	51.3	50.1	50.2	51.7	51.0	50.2	51.8	47.8	48.9	49.5	48.5	48.2	48.0	48.2	48.0	48.3	45.9	66.7	48.4	47.7	48.2	50.0	66.7	48.3
168	88	99	50.8	52.5	51.6	52.2	52.2	51.8	51.2	52.7	51.9	49.9	50.6	49.8	49.4	50.6	49.1	66.7	49.1	49.4	48.4	48.1	48.6	48.4	48.6	48.6	47.3	66.7	49.0	49.3	49.6	49.6	66.7	49.1
169	89	90	36.4	36.4	36.3	36.3	36.4	36.5	36.5	36.4	36.5	44.4	44.4	44.4	44.4	44.4	44.4	44.4	36.4	36.8	35.8	35.7	35.4	35.3	36.0	36.2	35.7	36.5	35.8	36.7	36.0	36.2	35.8	35.8
170	90	91	44.7	44.9	45.9	45.2	43.9	42.5	44.2	77.0	186.6	44.4	44.4	44.4	44.4	44.4	44.4	44.4	37.0	37.4	37.4	36.4	36.6	36.3	36.5	36.7	36.4	36.3	36.3	36.2	36.1	35.9	36.1	36.3
171	91	92	36.2	36.8	36.8	36.6	36.5	36.5	36.5	36.2	36.2	35.5	36.1	39.4	39.8	34.5	44.4	44.4	49.8	68.3	157.0	418.4	454.5	632.9	625.0	970.9	662.3	44.5	40.9	41.5	42.4	39.6	39.3	41.4
172	92	93	36.1	35.8	36.1	35.8	36.3	36.1	35.9	36.2	35.4	35.3	35.6	44.4	44.4	44.4	44.4	44.4	36.4	36.8	36.7	36.1	37.2	36.9	36.7	36.1	35.9	35.5	35.4	35.6	35.5	35.2	35.5	35.7
173	93	94	47.0	49.6	48.0	48.0	47.3	50.5	50.2	48.9	526.3	2000.0	2000.0	2000.0	2000.0	2000.0	2000.0	2000.0	37.1	38.1	37.2	37.6	36.7	37.4	38.2	36.9	36.7	36.6	36.0	36.1	35.9	35.9	35.7	36.1
174	94	95	36.7	37.0	36.5	36.9	45.4	90.6	160.3	781.3	2000.0	2000.0	2000.0	2000.0	2000.0	2000.0	2000.0	735.3	75.0	228.8	628.9	1851.9	2000.0	2000.0	2000.0	2000.0	2000.0	2000.0	2000.0	2000.0	2000.0	2000.0	2000.0	568.2
175	95	96	36.8	36.8	36.4	35.8	36.3	36.6	39.4	191.2	1098.9	42.1	41.6	165.8	52.2	56.9	37.6	41.3	35.8	36.3	36.4	42.6	307.7	699.3	1886.8	2000.0	2000.0	2000.0	2000.0	2000.0	2000.0	2000.0	2000.0	621.1
176	96	97	43.8	46.5	43.6	43.5	42.4	44.2	53.2	80.7	42.2	39.2	46.7	53.1	41.1	39.1	36.0	45.9	36.4	36.4	36.1	36.2	36.0	36.4	41.0	606.1	2000.0	2000.0	2000.0	2000.0	2000.0	1612.9	2000.0	1010.1
177	97	98	37.1	37.5	36.8	36.5	36.9	36.6	37.8	36.5	36.2	36.1	36.2	36.0	36.4	36.4	36.2	36.5	54.1	59.7	92.8	169.8	168.4	192.3	257.7	82.0	42.4	44.4	44.4	44.4	44.4	44.4	44.4	44.4
178	98	99	36.3	36.1	35.7	35.5	35.5	36.1	35.8	35.8	36.1	35.7	35.9	36.1	36.6	36.4	36.7	36.0	37.0	36.4	36.4	36.6	36.4	36.2	36.4	36.2	36.4	44.4	44.4	41.8	44.4	44.4	44.4	44.4
179	89	100	49.0	49.3	48.4	48.0	48.0	48.3	48.3	48.7	48.3	48.1	47.9	47.8	48.8	48.6	48.2	48.5	52.5	53.9	52.6	52.6	52.9	52.9	52.2	53.9	55.4	66.7	66.7	66.7	66.7	66.7	66.7	66.7
180	90	101	49.5	48.8	48.1	47.7	48.1	47.7	48.7	48.6	48.6	48.2	48.8	48.7	47.8	48.5	47.8	47.8	57.1	63.1	56.9	54.7	56.5	54.9	54.2	53.9	53.0	66.7	66.7	66.7	66.7	66.7	66.7	66.7
181	91	102	37.9	36.7	36.4	36.9	37.8	37.7	37.4	37.0	36.4	36.2	36.7	35.8	35.7	35.4	36.4	36.0	91.0	109.5	51.0	66.1	55.9	91.7	109.4	144.7	578.0	39.8	44.4	44.4	44.4	44.4	44.4	44.4
182	92	103	48.8	48.8	48.2	48.0	48.3	48.4	48.1	48.5	47.9	47.5	48.2	48.2	48.0	48.9	47.6	47.8	76.4	137.0	97.1	61.7	59.1	90.8	65.8	59.3	56.5	66.7	66.7	66.7	66.7	48.6	66.7	66.7
183	93	104	48.9	48.6	48.2	47.8	47.9	48.3	48.3	48.5	48.1	48.8	48.2	47.9	48.0	48.2	47.5	48.1	119.2	458.7	227.3	62.0	76.3	62.5	71.8	73.4	63.1	66.7	66.7	66.7	66.7	66.7	66.7	66.7
184	94	105	37.0	36.1	36.1	36.3	36.3	36.8	36.9	36.8	36.4	36.9	36.1	35.8	36.2	35.3	35.2	36.2	47.8	49.1	49.5	47.0	45.2	48.2	47.0	50.1	263.9	44.4	2000.0	44.4	44.4	44.4	44.4	44.4
185	95	106	48.9	48.6	47.7	48.1	48.8	48.5	48.6	48.6	48.8	48.3	48.6	47.9	48.9	49.0	49.0	49.6	91.6	120.5	64.8	82.2	671.1	1176.5	2000.0	2000.0	2000.0	2000.0	2000.0	2000.0	2000.0	2000.0	2000.0	2000.0
186	96	107	48.4	48.4	48.1	47.8	48.1	48.5	48.4	49.2	49.1	48.3	48.6	49.9	49.5	48.5	49.2	48.9	55.6	73.6	62.1	70.9	57.7	59.8	65.8	800.0	2000.0	2000.0	2000.0	2000.0	2000.0	2000.0	2000.0	66.7
187	97	108	36.6	36.1	36.6	36.1	36.7	36.4	36.8	37.1	36.4	36.7	36.6	36.7	36.8	36.5	36.0	36.3	41.7	41.2	45.7	43.6	44.9	45.3	44.8	42.9	40.0	44.4	44.4	44.4	44.4	44.4	44.4	44.4
188	98	109	48.7	48.4	48.1	48.0	47.7	47.8	48.2	48.5	48.2	47.5	48.2	48.8	48.5	48.4	47.8	48.5	53.7	54.1	52.5	52.3	53.4	52.7	53.4	53.1	51.4	66.7	59.2	66.7	66.7	66.7	66.7	66.7
189	99	110	48.3	48.9	47.8	47.9	48.8	48.4	48.4	48.9	47.8	48.5	48.1	48.7	48.8	48.3	47.5	48.2	52.5	53.2	53.5	52.2	52.2	53.0	53.4	52.6	51.6	66.7	66.7	66.7	53.8	49.2	66.7	48.6
190	100	101	48.8	48.9	48.5	48.6	49.3	48.8	48.6	48.6	48.1	66.7	66.7	48.8	66.7	66.7	66.7	66.7	49.0	48.7	48.4	49.1	49.5	48.8	48.5	47.9	49.4	48.5	48.3	48.4	49.3	48.3	48.6	48.1
191	101	102	53.7	53.6	52.9	53.1	54.4	53.1	52.6	54.6	56.7	66.7	66.7	66.7	66.7	66.7	66.7	66.7	48.5	48.6	48.4	48.9	48.8	48.6	48.5	48.4	48.3	48.1	47.9	48.1	48.7	47.3	47.3	48.4
192	102	103	48.2	48.4	48.8	48.0	48.5	48.3	48.8	48.7	47.8	47.9	50.7	66.7	47.6	66.7	45.8	49.9	52.0	53.4	53.4	53.9	56.9	54.9	54.8	53.2	52.0	50.3	50.4	50.8	49.5	49.3	48.9	51.0
193	103	104	48.5	48.1	48.2	48.1	48.3	48.9	48.2	48.4	48.0	47.8	47.5	66.7	66.7	66.7	66.7	66.7	48.4	48.0	48.4	48.7	48.4	48.3	48.4	48.3	47.9	48.5	48.0	48.9	49.3	48.2	48.1	48.2
194	104	105	53.2	52.5	51.9	54.6	53.0	53.4	52.9	57.2	50.8	50.1	56.7	66.7	66.7	66.7	66.7	66.7	48.6	48.1	47.9	48.2	48.9	48.2	48.3	48.4	48.1	49.0	48.1	48.3	47.5	48.3	49.0	48.3
195	105	106	48.1	48.0	48.0	48.2	48.5	48.2	48.2	48.5	48.1	48.3	48.6	48.4	48.4	66.7	47.0	48.8	53.6	55.0	54.1	56.1	53.3	57.5	59.4	56.0	51.8	50.6	51.5	50.4	50.7	51.2	49.4	50.7
196	106	107	48.2	48.1	47.7	47.8	48.4	48.1	48.2	47.8	48.0	49.5	48.3	47.8	49.1	49.3	49.2	48.7	48.3	48.4	48.5	48.4	48.4	48.9	48.4	48.6	47.7	48.2	47.5	48.9	48.0	48.4	48.3	48.1
197	107	108	52.1	51.9	52.5	52.1	53.2	53.2	53.4	52.9	50.2	49.9	51.0	51.0	50.1	50.5	48.9	51.9	49.1	48.8	49.2	48.3	48.0	48.2	48.7	48.9	48.2	47.3	49.1	49.1	49.1	48.3	48.9	49.5
198	108	109	47.9	48.4	48.1	48.0	48.0	48.0	48.6	48.6	48.3	48.2	48.4	48.3	48.0	48.5	47.3	48.3	52.5	54.6	55.9	54.5	56.8	57.7	61.6	56.9	51.6	66.7	66.7	66.7	66.7	52.6	66.7	66.7
199	109	110	48.2	48.9	47.7	47.6	48.5	48.7	48.5	48.4	48.6	46.9	49.3	49.6	49.2	49.5	47.6	49.3	48.8	49.1	48.8	49.7	49.3	49.0	49.2	49.1	48.7	66.7	51.4	49.2	52.6	48.8	48.6	66.7
200	100	111	50.6	49.7	49.3	50.0	49.1	48.7	48.6	48.8	48.7	49.9	50.1	48.8	49.9	49.8	49.7	49.6	49.1	48.9	49.3	48.8	49.3	49.1	49.5	49.1	49.3	66.7	66.7	46.6	66.7	66.7	66.7	66.7
201	101	112	49.9	47.2	48.0	48.6	48.1	48.8	48.7	48.9	49.7	48.1	48.6	48.0	46.9	49.6	48.6	48.9	49.0	48.4	49.0	49.0	48.9	48.7	48.6	48.7	47.2	49.2	66.7	49.8	66.7	47.2	66.7	48.9
202	102	113	36.7	35.6	35.8	36.1	36.0	35.8	35.9	36.3	36.3	36.6	36.1	35.8	35.9	36.0	36.7	36.5	36.7	36.7	36.3	36.4	37.1	36.5	36.6	36.5	34.9	44.4	44.4	44.4	44.4	44.4	44.4	44.4
203	103	114	49.1	47.6	48.1	48.5	48.4	49.1	48.6	48.1	48.5	48.9	48.6	48.5	49.2	48.9	47.2	49.2	48.6	48.5	48.9	48.3	49.1	48.7	48.7	48.5	49.6	66.7	66.7	49.2	66.7	66.7	66.7	49.2
204	104	115	48.6	47.8	48.3	48.7	48.1	48.8	48.6	48.6	48.7	49.7	49.1	48.3	47.7	49.1	47.3	48.6	48.7	48.0	48.7	49.1	48.5	48.8	48.8	48.7	47.0	66.7	66.7	66.7	66.7	66.7	66.7	66.7
205	105	116	36.0	35.5	35.7	35.8	35.9	36.0	35.8	36.5	36.0	36.6	36.0	36.1	36.3	36.3	37.9	36.3	36.7	36.5	36.2	36.2	36.5	36.5	36.7	36.5	36.2	44.4	44.4	44.4	44.4	44.4	44.4	44.4
206	106	117	47.8	47.7	47.9	48.9	48.6	48.7	48.5	48.9	48.2	48.0	50.0	48.9	48.5	49.1	47.5	48.7	48.7	48.7	48.3	48.4	47.7	48.9	48.8	48.3	47.5	50.6	66.7	66.7	66.7	66.7	66.7	66.7
207	107	118	50.0	48.0	48.4	49.2	48.5	48.5	48.7	48.9	49.6	48.2	48.4	48.7	48.4	47.8	66.7	48.7	48.8	48.6	48.6	48.9	48.5	48.5	48.8	48.6	48.3	66.7	66.7	66.7	66.7	66.7	66.7	53.3
208	108	119	36.0	35.9	35.8	35.7	35.7	35.8	35.8	36.4	36.2	36.5	36.7	37.0	35.9	36.1	35.5	36.9	36.7	36.3	36.3	36.4	36.2	36.3	36.2	36.3	36.3	44.4	44.4	44.4	44.4	44.4	44.4	44.4
209	109	120	48.5	48.2	48.1	48.3	48.9	48.4	48.4	49.3	49.1	48.6	48.7	49.5	49.0	48.9	49.3	48.8	48.7	48.7	49.0	48.9	48.4	48.5	49.0	48.6	47.3	51.8	66.7	66.7	53.8	66.7	66.7	66.7
210	110	121	48.9	48.3	48.9	49.1	49.0	48.9	49.5	49.2	49.2	49.1	49.8	49.9	50.0	48.9	49.0	49.7	49.6	48.9	49.1	49.2	49.1	49.4	48.4	48.6	47.9	66.7	66.7	52.8	66.7	66.7	66.7	66.7
211	111	112	49.0	49.2	49.2	49.4	49.0	49.1	49.3	49.3	66.7	49.8	51.2	66.7	66.7	66.7	66.7	66.7	48.5	49.0	49.6	49.5	49.8	49.9	49.8	49.1	49.1	50.8	50.4	49.1	50.8	48.2	48.7	49.6
212	112	113	52.1	53.0	53.1	53.8	53.1	53.3	53.5	53.1	58.3	66.7	66.7	66.7	66.7	66.7	66.7	66.7	48.6	48.2	49.6	49.0	48.4	48.9	48.8	48.3	48.0	47.7	48.2	48.6	48.6	47.8	48.6	48.5
213	113	114	48.4	48.9	48.7	48.7	48.7	48.9	48.9	48.7	48.4	46.0	49.0	54.1	51.2	46.2	66.7	48.9	51.2	52.8	51.9	51.2	52.9	52.6	52.3	51.5	49.5	66.7	49.6	50.0	51.8	50.2	47.5	49.6
214	114	115	48.3	48.4	48.6	48.0	48.8	48.9	48.7	48.2	47.7	49.2	49.2	66.7	49.2	66.7	66.7	66.7	48.1	48.8	48.7	49.1	48.4	48.4	48.5	48.3	48.1	50.8	48.3	48.1	49.4	47.6	66.7	48.0
215	115	116	51.5	52.5	52.6	52.6	51.9	53.0	52.4	51.9	53.1	40.0	48.9	66.7	66.7	66.7	66.7	66.7	48.0	48.6	48.5	49.1	49.0	48.8	48.4	48.0	48.1	48.3	47.4	47.5	48.1	48.9	49.8	48.0
216	116	117	48.4	48.7	48.2	48.5	48.1	48.8	48.1	48.1	48.0	47.2	48.2	48.1	47.6	50.6	49.8	49.0	51.4	52.4	52.4	52.8	53.5	51.8	52.4	51.5	51.4	47.8	48.7	66.7	48.3	53.8	47.2	49.6
217	117	118	47.9	49.0	48.7	48.8	48.7	48.6	48.3	48.4	48.5	48.6	49.0	48.5	47.3	66.7	66.7	49.3	47.6	48.4	48.8	48.9	48.4	49.0	48.7	47.8	47.7	66.7	66.7	46.8	49.3	47.5	47.7	66.7
218	118	119	51.2	51.2	52.7	51.3	52.2	52.2	50.9	51.0	50.8	48.0	49.1	49.2	48.8	66.7	66.7	47.9	48.2	48.8	48.8	48.7	48.4	48.3	48.7	48.5	49.0	66.7	48.5	48.1	49.3	49.5	47.9	50.4
219	119	120	48.1	48.9	48.4	48.2	48.6	48.4	48.4	48.6	48.6	48.5	47.6	48.0	47.4	48.5	48.8	49.6	52.2	52.2	53.5	53.4	52.4	52.1	53.1	52.3	50.3	66.7	66.7	66.7	66.7	66.7	66.7	66.7
220	120	121	49.8	49.5	49.5	49.9	49.1	49.3	49.4	49.3	49.2	48.8	49.1	48.7	48.2	49.9	48.9	48.3	49.1	49.8	49.2	49.7	49.6	49.6	49.6	48.9	48.2	66.7	66.7	66.7	66.7	66.7	66.7	66.7
