LINK	ANODE	BNODE	AB_000_015	AB_015_030	AB_030_045	AB_045_100	AB_100_115	AB_115_130	AB_130_145	AB_145_200	AB_200_215	AB_215_230	AB_230_245	AB_245_300	AB_300_315	AB_315_330	AB_330_345	AB_345_400	BA_000_015	BA_015_030	BA_030_045	BA_045_100	BA_100_115	BA_115_130	BA_130_145	BA_145_200	BA_200_215	BA_215_230	BA_230_245	BA_245_300	BA_300_315	BA_315_330	BA_330_345	BA_345_400
1	1	2	20.6	20.1	20.2	20.2	20.5	20.3	20.2	20.3	20.6	15.0	19.3	20.1	15.0	15.0	15.0	15.0	20.5	20.2	20.2	20.4	20.7	20.0	20.4	20.3	20.3	20.0	20.2	20.0	20.1	20.3	20.4	20.5
2	2	3	19.1	18.8	19.0	19.0	18.8	18.9	18.9	19.1	19.2	15.0	15.0	19.5	15.0	15.0	15.0	15.0	20.7	20.6	20.8	20.8	20.4	20.5	20.7	20.7	20.7	20.9	20.6	20.6	20.9	20.7	20.8	21.0
3	3	4	20.3	20.5	20.7	20.4	20.5	20.6	20.6	20.7	20.6	20.8	20.3	20.5	20.5	20.0	19.5	20.9	19.3	19.6	19.3	19.4	18.9	19.5	19.0	19.7	19.7	19.6	20.2	20.0	19.3	19.9	20.0	21.5
4	4	5	20.8	20.6	20.4	20.4	20.6	20.3	20.7	20.8	21.0	20.6	20.2	20.8	20.3	15.0	15.0	15.0	20.8	20.7	20.4	20.5	20.6	20.8	20.5	20.7	20.7	20.4	20.6	20.6	20.4	20.4	20.9	20.4
5	5	6	19.2	18.5	19.1	18.8	19.4	19.2	19.1	19.6	19.8	20.0	19.9	18.1	20.1	15.0	15.0	15.0	20.8	20.8	20.8	20.7	20.8	20.8	20.7	20.7	21.0	20.6	20.7	20.8	20.4	20.5	20.5	20.2
6	6	7	20.6	20.5	20.9	21.1	20.7	20.7	20.7	20.7	20.8	21.0	20.6	20.7	20.7	20.7	20.8	21.1	19.3	19.3	18.8	18.8	18.6	19.2	19.2	19.2	19.6	20.0	15.0	22.1	19.9	20.3	20.2	15.0
7	7	8	20.8	20.8	20.7	20.7	20.7	20.3	20.2	20.8	20.8	20.8	20.8	20.4	20.6	20.4	18.9	20.3	20.8	20.7	20.5	20.5	20.6	20.5	20.7	20.7	20.9	15.0	20.2	20.0	20.5	20.5	20.4	15.0
8	8	9	19.4	19.1	19.2	19.2	19.1	19.3	19.3	19.6	19.5	20.1	20.1	20.1	20.4	20.6	19.3	15.0	20.8	20.5	20.4	20.4	20.7	20.5	20.8	20.6	20.6	20.7	20.4	20.0	20.8	20.4	20.3	15.0
9	9	10	20.5	20.9	20.8	20.9	20.8	20.6	20.8	20.4	20.8	20.4	20.5	20.5	20.7	20.7	20.6	20.6	19.2	19.0	18.9	18.8	19.2	18.7	18.9	18.8	19.1	15.0	15.0	15.0	15.0	15.0	15.0	15.0
10	10	11	20.5	20.0	20.3	20.2	20.3	20.6	20.1	20.4	20.4	20.7	20.5	20.2	20.4	20.2	20.2	20.3	20.2	20.3	20.3	20.2	20.4	20.3	20.1	20.3	15.0	15.0	20.6	15.0	19.8	21.3	21.2	15.0
11	1	12	20.3	20.1	20.3	20.6	20.3	20.5	20.4	20.4	21.4	20.6	19.3	15.0	15.0	15.0	15.0	15.0	20.3	20.1	20.1	20.2	20.0	20.6	20.4	20.2	20.5	20.0	20.3	20.4	20.5	20.9	20.3	20.6
12	2	13	20.6	20.5	20.4	20.4	20.6	20.7	20.5	20.5	20.5	20.7	19.7	15.0	15.0	20.5	21.5	15.0	20.0	20.6	20.5	20.5	20.5	20.6	20.6	20.5	20.7	20.6	20.5	20.7	20.6	20.8	20.4	20.8
13	3	14	27.5	27.6	27.6	27.5	27.5	27.7	27.5	27.4	26.1	22.5	22.5	22.5	22.5	22.5	22.5	22.5	27.1	27.5	27.8	27.9	27.9	27.8	27.7	27.4	27.8	27.6	28.0	27.7	28.0	28.3	28.1	27.9
14	4	15	20.6	20.7	20.5	20.8	20.6	20.6	20.6	20.8	21.3	15.0	20.5	15.0	15.0	15.0	15.0	15.0	20.2	20.6	20.5	20.3	20.8	20.3	20.6	20.5	20.3	20.5	20.5	20.5	20.7	20.3	21.3	20.7
15	5	16	20.5	20.8	20.4	20.6	20.4	20.5	20.6	20.6	19.9	15.0	15.0	15.0	15.0	15.0	15.0	15.0	20.7	20.8	20.6	20.6	21.0	20.6	20.7	20.6	20.4	20.4	20.7	21.0	20.5	20.1	20.8	20.8
16	6	17	27.6	27.7	27.6	27.6	27.5	27.6	27.5	26.9	27.8	26.5	22.5	22.5	22.5	22.5	22.5	22.5	27.6	27.9	28.0	27.7	28.0	27.9	27.4	27.8	28.0	27.6	27.9	28.0	27.8	28.2	28.7	28.5
17	7	18	20.6	20.6	20.5	20.5	20.6	20.6	20.5	20.7	20.9	20.9	20.1	21.5	15.0	15.0	15.0	15.0	20.6	20.6	20.6	20.6	20.3	20.7	20.4	20.6	20.6	20.6	20.3	20.6	20.8	20.4	21.1	21.0
18	8	19	20.5	20.3	20.6	20.2	20.3	20.5	20.2	20.5	20.3	20.1	19.5	20.9	15.0	15.0	15.0	15.0	20.4	20.4	20.4	20.4	20.5	20.4	20.6	20.2	20.4	20.6	20.6	20.8	20.7	20.7	21.0	15.0
19	9	20	27.3	27.5	27.5	27.5	27.5	27.2	27.5	27.4	28.1	22.5	22.5	22.5	22.5	22.5	22.5	22.5	27.2	27.6	27.5	27.6	27.7	27.6	27.6	27.2	27.8	27.1	27.6	27.8	27.9	27.9	28.0	28.0
20	10	21	20.5	20.5	20.3	20.7	20.2	20.3	20.5	20.6	20.5	19.7	20.1	19.8	15.0	15.0	15.0	15.0	20.6	20.6	20.6	20.4	20.5	20.7	20.6	20.5	20.8	20.4	20.5	20.5	20.8	20.4	20.6	19.3
21	11	22	20.3	20.2	20.4	20.4	20.4	20.4	20.3	20.3	20.6	19.7	15.0	15.0	20.9	20.3	15.0	15.0	19.9	20.4	20.2	20.4	20.1	20.3	20.3	20.6	20.2	20.8	20.3	19.7	20.6	20.6	20.5	15.0
22	12	13	20.5	20.3	20.5	20.5	20.4	20.5	20.6	20.4	20.2	20.3	15.0	15.0	15.0	15.0	15.0	15.0	20.5	20.4	20.6	20.7	20.5	20.5	20.6	20.2	20.4	20.3	20.5	20.9	21.0	20.5	21.1	21.3
23	13	14	18.7	17.6	17.4	17.9	17.0	17.8	18.2	18.6	18.7	15.0	15.0	15.0	15.0	15.0	15.0	15.0	20.8	20.7	20.8	20.5	20.8	20.7	20.7	20.6	20.6	20.8	20.7	20.9	20.8	21.0	21.1	20.9
24	14	15	20.6	20.6	20.5	20.5	20.4	20.5	20.6	20.5	20.9	20.7	20.9	21.3	20.6	20.1	15.0	15.0	18.9	19.0	18.9	18.9	19.1	19.4	19.1	19.1	19.9	18.7	19.6	20.2	19.8	20.3	20.0	19.5
25	15	16	20.7	20.7	20.5	20.5	20.5	20.8	20.4	20.6	20.5	21.0	21.1	20.7	15.0	15.0	15.0	15.0	20.8	20.8	20.7	20.9	20.7	20.7	20.7	20.6	20.8	20.6	20.6	20.9	21.0	20.7	21.0	21.0
26	16	17	18.2	17.6	17.9	18.7	18.7	18.1	17.8	16.9	18.0	19.5	19.5	20.3	20.9	15.0	15.0	15.0	20.7	20.7	20.5	20.7	20.5	20.8	20.7	20.7	21.0	21.0	21.2	21.0	20.6	21.5	21.2	20.8
27	17	18	20.7	20.6	20.6	20.6	20.8	20.7	20.8	20.7	20.7	20.9	20.8	21.1	20.8	20.9	21.6	21.3	18.0	18.6	19.1	18.4	18.6	19.0	18.1	17.7	19.5	15.0	15.0	19.0	15.0	15.0	15.0	15.0
28	18	19	20.8	20.7	20.6	20.7	20.7	20.6	20.6	20.8	20.9	20.9	20.8	20.9	20.9	21.0	15.0	21.7	20.8	20.7	20.7	20.7	20.6	20.5	20.7	20.7	21.2	15.0	20.6	21.2	20.5	21.1	15.0	15.0
29	19	20	19.2	18.1	18.6	18.3	18.7	17.5	19.0	19.4	19.8	20.0	19.6	19.0	20.2	20.6	15.0	20.0	20.7	20.5	20.4	20.5	20.6	20.6	20.6	20.6	21.2	15.0	21.2	20.5	20.9	20.7	18.9	15.0
30	20	21	20.4	20.4	20.7	20.6	20.7	20.6	20.7	20.8	20.9	20.8	20.8	20.9	21.0	21.0	20.5	15.0	19.0	18.8	19.1	19.0	19.3	18.6	18.4	19.1	17.7	15.0	15.0	15.0	15.0	15.0	15.0	15.0
31	21	22	20.2	20.5	20.5	20.3	20.6	20.5	20.9	20.5	21.0	20.2	20.6	20.6	20.9	20.4	20.9	19.5	20.5	20.5	20.4	20.6	20.6	20.3	20.4	20.6	21.1	15.0	20.3	15.0	15.0	15.0	15.0	15.0
32	12	23	18.8	18.9	18.8	19.1	19.1	18.8	19.1	18.8	18.1	15.0	15.0	15.0	15.0	15.0	15.0	15.0	20.3	20.4	20.5	20.6	20.7	20.7	20.9	20.5	20.7	20.8	20.5	20.8	20.5	21.1	20.9	20.7
33	13	24	18.7	18.7	18.8	19.1	18.9	18.4	19.2	18.4	15.7	15.0	15.0	15.0	15.0	15.0	15.0	15.0	20.0	20.5	20.6	20.7	20.6	20.5	20.8	20.5	20.5	20.8	20.9	21.0	21.0	21.0	21.1	21.0
34	14	25	23.0	22.2	22.9	22.6	22.1	21.5	23.5	16.9	1.2	22.5	24.0	22.5	22.5	22.5	22.5	22.5	27.3	27.0	27.4	27.4	27.2	27.6	27.6	27.5	27.7	27.4	27.7	28.0	28.2	28.0	28.1	28.1
35	15	26	15.5	14.2	12.7	17.2	15.2	7.8	1.0	0.5	0.5	0.5	0.5	15.0	15.0	15.0	15.0	15.0	20.3	20.5	20.6	20.6	20.7	20.8	20.3	20.4	20.2	20.3	20.6	20.8	20.9	20.6	21.5	20.9
36	16	27	12.4	11.4	11.6	1.9	0.7	0.5	0.5	0.5	0.5	0.5	0.5	15.0	15.0	15.0	15.0	19.5	20.3	20.3	20.6	20.3	20.3	20.5	20.4	20.0	20.5	20.5	20.4	21.0	20.8	21.3	20.9	21.0
37	17	28	21.5	19.8	19.9	20.4	19.6	18.8	8.6	3.4	1.6	22.5	22.5	22.5	22.5	22.5	22.5	22.5	26.7	26.9	27.2	27.4	27.4	27.4	27.3	27.3	27.7	27.9	27.7	28.0	27.4	28.2	28.1	27.9
38	18	29	9.4	4.5	9.5	15.3	14.7	10.1	15.5	15.0	12.5	15.0	15.0	15.0	15.0	15.0	15.0	15.0	20.5	20.5	20.7	20.7	20.6	20.7	20.7	20.7	20.7	20.9	20.7	20.9	21.0	20.9	20.6	20.7
39	19	30	15.8	13.9	14.3	17.3	16.9	13.5	14.6	16.6	16.3	15.0	15.0	15.0	15.0	15.0	15.0	15.0	20.6	20.5	20.6	20.5	20.6	20.7	20.7	20.8	20.8	21.0	20.7	21.0	21.0	20.9	20.6	15.0
40	20	31	17.0	9.4	6.0	4.6	3.7	4.5	10.1	18.6	22.7	22.5	22.5	22.5	22.5	22.5	22.5	22.5	26.7	26.4	26.7	27.0	26.8	27.1	27.6	27.7	27.9	27.6	27.6	27.8	28.0	27.7	27.8	26.9
41	21	32	16.8	17.5	18.0	17.3	17.9	18.5	18.2	18.4	18.7	15.0	15.0	20.9	15.0	15.0	15.0	15.0	20.4	20.5	20.6	20.5	20.7	20.7	20.7	20.5	20.8	21.1	20.6	20.8	21.1	21.1	20.9	21.3
42	22	33	18.8	19.2	19.0	18.9	19.0	18.7	19.0	18.8	18.4	15.0	15.0	15.0	15.0	15.0	15.0	15.0	20.2	20.4	20.7	20.7	20.8	20.8	21.0	20.6	20.5	20.8	20.6	20.5	20.8	21.2	20.7	15.0
43	23	24	27.5	27.2	27.4	27.1	27.4	27.2	27.6	27.2	28.0	22.5	22.5	22.5	22.5	22.5	22.5	22.5	27.4	27.7	27.7	27.7	27.7	28.0	27.9	27.9	27.7	27.7	27.9	28.0	27.9	28.3	28.2	28.0
44	24	25	18.5	8.1	2.9	2.2	3.1	8.3	13.9	8.9	1.1	22.5	22.5	22.5	22.5	22.5	22.5	22.5	26.3	27.1	27.0	27.3	27.2	27.5	27.4	27.0	27.6	27.5	27.4	28.0	27.9	27.9	28.1	28.0
45	25	26	27.5	27.3	27.4	27.5	27.6	17.7	1.5	0.5	0.5	1.7	27.8	27.9	23.9	23.9	24.0	27.0	19.2	15.5	15.4	22.3	22.1	22.6	22.6	21.8	22.4	22.5	20.0	25.9	23.8	23.6	23.5	25.7
46	26	27	27.6	27.7	27.6	2.9	1.0	0.5	0.5	0.5	0.8	1.8	2.4	28.2	22.5	22.5	22.5	22.5	26.5	26.8	26.7	27.5	27.4	26.4	22.7	20.0	4.1	7.1	26.6	28.3	28.1	28.1	28.4	28.2
47	27	28	12.1	3.3	0.7	0.5	0.5	0.5	0.5	0.5	1.0	2.0	3.0	2.5	27.2	26.9	22.5	22.5	24.8	26.3	26.4	17.7	9.1	6.9	2.2	2.3	0.5	0.8	0.7	27.7	27.7	27.8	28.1	27.7
48	28	29	27.3	27.2	27.1	27.3	27.1	27.2	27.3	27.0	27.5	27.4	27.0	27.9	27.9	27.8	28.0	27.9	18.9	15.6	19.7	20.7	21.8	20.8	21.1	21.2	21.9	25.6	23.3	23.1	23.2	22.4	25.9	22.5
49	29	30	27.7	27.5	27.4	27.5	27.5	27.3	27.9	28.0	28.2	28.1	27.9	28.4	28.3	28.2	28.4	28.4	27.1	27.6	27.6	27.6	27.7	27.8	27.9	28.0	28.0	27.7	25.6	28.2	28.4	28.2	28.5	22.5
50	30	31	17.3	11.1	7.4	5.1	5.2	8.7	9.6	9.2	4.8	2.3	2.9	3.8	26.6	25.5	25.9	28.6	27.6	27.4	27.4	27.1	27.5	27.5	27.6	27.8	28.2	28.4	24.7	28.2	27.8	27.6	27.8	26.9
51	31	32	27.1	27.3	27.3	27.4	27.5	27.5	27.5	27.4	27.4	27.7	27.3	27.7	28.0	27.8	27.6	27.6	22.8	21.5	22.9	22.8	22.7	22.8	22.6	15.3	24.0	22.5	22.5	22.5	22.5	22.5	22.5	22.5
52	32	33	27.6	27.9	27.9	28.0	28.0	28.0	28.1	27.8	28.0	28.2	27.8	27.7	27.6	27.6	27.5	28.2	27.5	27.6	27.4	27.4	27.5	27.5	27.5	27.5	28.2	22.5	22.5	22.5	22.5	22.5	22.5	22.5
53	23	34	20.5	20.7	20.5	20.6	20.6	20.7	20.9	20.6	20.4	20.6	20.4	20.2	20.5	20.7	20.1	19.7	19.2	19.2	19.6	19.1	19.1	19.4	19.2	19.3	19.7	19.6	19.8	19.8	20.3	20.6	19.9	20.1
54	24	35	20.5	20.7	20.7	20.7	20.8	20.7	20.8	20.4	20.9	20.6	20.5	20.5	19.8	20.8	20.3	15.0	18.3	18.6	18.8	18.8	18.8	17.9	18.9	17.9	19.6	19.2	19.7	20.3	19.7	20.1	21.2	19.6
55	25	36	27.7	27.5	27.5	27.5	27.5	27.3	26.9	25.5	27.8	26.6	25.4	24.6	26.7	26.5	28.3	26.5	10.7	3.2	1.3	0.9	0.9	1.5	1.4	1.9	0.7	5.2	25.2	24.2	24.6	25.1	25.9	24.8
56	26	37	20.8	20.8	20.7	20.7	20.7	20.7	20.6	20.4	20.7	20.8	21.0	20.1	20.1	20.6	20.2	20.7	13.7	11.1	14.2	17.3	17.5	11.4	1.7	1.0	0.5	0.6	5.7	19.6	19.8	19.6	19.7	20.0
57	27	38	20.7	20.7	20.7	20.4	20.8	20.7	20.5	20.4	20.7	20.5	20.6	20.8	21.0	20.2	20.8	15.0	15.4	14.0	11.3	2.5	1.3	0.7	0.9	0.6	0.5	0.5	2.1	19.5	19.9	19.6	19.8	19.9
58	28	39	27.6	27.3	27.4	21.4	8.3	2.3	2.1	7.4	27.4	27.4	27.7	27.5	22.5	24.9	22.5	22.5	11.2	2.8	1.0	0.6	0.9	0.7	1.0	2.5	9.2	22.6	23.7	23.9	23.0	21.7	24.1	24.8
59	29	40	20.8	20.8	20.6	20.6	20.7	20.7	20.4	20.8	20.9	20.8	20.5	20.7	21.0	20.0	15.0	15.0	11.0	4.6	8.5	13.2	16.1	14.9	14.9	16.4	18.0	19.1	18.5	19.8	19.7	19.9	20.3	19.6
60	30	41	20.8	20.8	20.7	20.6	20.8	20.8	20.6	20.6	21.1	20.8	20.8	21.3	20.6	19.3	15.0	20.3	14.4	12.2	14.1	16.3	16.5	17.9	18.3	17.8	19.5	18.3	19.6	19.4	20.0	19.4	20.0	15.0
61	31	42	27.8	27.5	27.4	27.3	12.2	1.2	0.6	0.5	0.5	0.5	0.5	0.6	0.7	10.8	22.5	22.5	20.5	17.4	15.0	11.1	21.7	22.1	23.5	24.4	26.6	26.5	22.6	22.5	23.1	22.2	23.8	20.7
62	32	43	20.6	20.5	20.5	20.5	20.6	20.8	20.8	20.6	21.0	20.9	20.4	20.8	21.1	19.9	19.5	15.0	19.4	18.9	19.1	17.7	19.1	18.5	19.2	19.2	19.4	20.1	19.4	18.5	20.1	19.8	20.3	20.6
63	33	44	20.7	20.5	20.5	20.5	20.7	20.7	20.5	20.4	20.8	20.6	20.2	20.3	20.3	19.9	20.6	20.4	19.2	19.3	19.6	19.6	18.9	19.5	18.9	18.9	19.1	15.0	17.9	19.9	20.2	20.2	20.0	19.9
64	34	35	20.4	20.7	20.4	20.6	20.5	20.6	20.5	20.6	20.0	15.0	21.0	21.5	19.5	15.0	15.0	15.0	20.7	20.5	20.6	20.8	20.8	20.8	20.6	20.7	20.5	20.3	20.6	20.3	20.4	20.4	20.2	20.4
65	35	36	16.9	10.3	7.1	6.3	13.7	15.2	16.8	12.3	11.3	15.0	15.0	15.0	15.0	15.0	15.0	15.0	20.8	20.7	20.8	20.5	20.8	20.5	20.5	20.5	20.8	20.8	20.9	20.9	20.8	20.7	20.6	21.1
66	36	37	20.6	20.7	20.7	20.6	20.6	20.6	20.7	20.6	20.8	20.9	20.8	20.3	21.1	19.5	15.0	21.2	16.8	17.8	15.4	18.4	18.0	16.6	16.5	14.4	19.4	17.7	18.9	19.8	19.9	19.6	20.1	19.3
67	37	38	20.9	20.8	20.6	20.7	20.7	20.8	20.8	20.7	20.9	21.2	20.6	20.7	15.0	15.0	15.0	15.0	20.6	20.7	20.7	20.8	20.9	20.8	20.7	20.7	20.9	20.6	20.7	20.7	20.8	20.7	20.8	21.2
68	38	39	9.7	10.2	6.6	1.0	0.5	0.5	0.5	0.8	2.7	17.8	16.7	19.2	19.4	20.9	15.0	15.0	20.6	20.7	20.7	20.6	20.5	20.4	20.6	20.6	20.8	20.9	20.7	21.0	20.8	20.6	21.0	21.0
69	39	40	20.6	20.7	20.6	20.6	20.7	20.8	20.5	20.6	20.7	20.6	20.7	20.8	20.8	21.1	20.9	20.8	15.9	14.9	5.1	2.7	0.9	0.6	0.7	1.1	3.7	19.9	19.1	18.0	18.7	19.4	18.2	15.0
70	40	41	20.8	20.6	20.7	20.9	20.8	20.6	20.7	20.9	20.9	20.8	21.0	20.7	20.7	20.8	20.8	20.2	20.7	20.7	20.6	20.7	20.7	20.7	20.8	20.6	20.7	20.8	20.8	20.6	20.8	20.8	21.3	15.0
71	41	42	16.9	10.4	13.0	12.2	6.7	1.3	0.7	0.5	0.5	0.5	0.5	0.5	0.5	2.4	19.3	15.0	20.7	20.5	20.6	20.6	20.7	20.7	20.8	20.4	20.7	20.4	20.5	20.7	20.6	20.8	21.1	20.4
72	42	43	20.5	20.7	20.7	20.6	20.8	20.8	20.5	20.6	20.6	20.2	20.3	20.1	20.2	20.5	20.3	20.7	16.8	11.7	9.9	16.2	5.3	0.8	0.5	0.5	0.5	0.5	0.5	0.5	0.5	0.8	15.0	15.0
73	43	44	20.5	20.8	20.8	20.7	20.9	20.8	20.9	20.7	20.7	20.4	20.8	20.4	20.4	20.4	20.5	20.1	20.4	20.6	20.8	20.5	20.3	20.6	20.8	20.6	20.9	19.5	18.6	15.0	15.0	18.6	15.0	15.0
74	34	45	20.7	20.8	20.9	20.7	20.6	20.7	20.6	20.6	20.2	19.8	20.6	19.7	19.8	15.0	15.0	15.0	20.7	20.8	20.8	21.0	20.9	20.7	20.4	20.7	20.7	20.2	20.4	20.7	20.4	20.6	20.7	20.7
75	35	46	20.7	20.7	20.8	20.7	20.8	20.5	20.6	20.6	21.1	20.1	20.2	21.5	15.0	19.5	15.0	18.6	21.0	20.8	20.8	21.0	21.0	20.4	20.6	20.5	20.7	20.5	20.6	20.9	20.9	20.9	20.5	20.5
76	36	47	28.1	27.9	28.0	27.9	27.8	27.1	27.7	27.9	27.5	28.5	28.1	18.5	23.9	22.5	25.1	22.5	27.2	27.3	27.6	27.8	27.8	27.8	27.2	27.1	28.2	28.2	27.9	28.3	28.2	28.2	27.9	28.2
77	37	48	20.7	20.8	20.7	20.7	20.8	20.5	20.6	20.8	20.7	21.1	20.7	15.0	19.6	19.3	19.5	15.0	20.8	20.6	20.8	21.0	20.9	20.7	20.8	20.7	20.7	20.8	20.7	20.7	20.8	20.4	20.7	20.6
78	38	49	20.8	20.9	20.8	20.7	20.7	20.6	20.7	20.7	21.0	21.1	20.9	20.8	19.9	20.3	15.0	15.0	20.8	20.9	20.9	20.7	21.0	21.0	20.6	20.7	20.7	20.8	20.8	20.5	20.8	20.7	20.7	20.8
79	39	50	27.9	27.4	27.5	7.8	0.7	1.0	1.2	1.9	3.9	28.4	28.2	28.3	22.5	22.5	22.5	22.5	27.0	27.2	27.0	5.9	2.5	2.8	14.0	27.4	27.8	26.6	28.0	28.0	28.0	28.2	28.3	28.1
80	40	51	20.7	20.7	20.7	20.8	20.8	20.6	20.6	20.7	20.8	21.1	20.8	20.7	20.6	20.7	22.1	15.0	20.7	20.8	20.8	20.9	21.0	20.9	20.6	20.8	20.7	20.6	20.9	20.7	20.7	20.8	20.6	20.6
81	41	52	20.6	20.7	20.8	20.7	20.9	20.7	20.6	20.7	20.9	4.6	2.5	2.6	21.0	18.8	15.0	15.0	20.9	20.9	20.8	20.9	21.1	20.7	20.5	20.6	20.8	20.5	20.7	20.7	20.7	20.9	19.9	20.3
82	42	53	27.9	28.0	27.7	3.4	0.5	0.5	0.5	0.5	0.5	0.5	0.5	0.6	1.1	4.3	22.5	22.5	26.5	27.7	27.6	27.6	27.7	21.6	13.9	13.4	9.0	27.7	18.9	17.4	5.9	27.2	27.7	28.5
83	43	54	20.8	20.6	20.8	20.6	20.8	20.5	20.7	20.7	20.9	20.2	20.8	20.9	20.6	20.3	20.1	15.0	21.0	20.9	20.9	20.9	21.0	20.6	20.7	20.6	21.0	21.0	20.0	20.6	20.6	20.4	20.9	20.9
84	44	55	20.6	20.7	20.6	20.8	20.7	20.5	20.6	20.7	21.0	20.4	20.9	20.7	21.2	19.9	20.3	15.0	20.8	20.9	20.9	21.0	21.0	19.8	20.7	20.6	20.7	20.2	20.0	20.4	20.1	20.6	20.5	20.9
85	45	46	20.6	20.6	20.5	20.4	20.4	20.6	20.6	20.7	21.7	20.9	21.5	18.8	15.0	15.0	20.9	18.8	20.9	20.9	20.8	21.0	20.9	20.4	20.6	20.3	20.4	20.5	20.7	20.5	20.6	21.2	20.3	20.4
86	46	47	16.7	12.9	12.2	10.4	12.7	10.1	7.9	15.0	19.9	15.0	15.0	15.0	15.0	15.0	15.0	15.0	20.9	20.6	20.6	20.7	20.6	20.5	20.6	20.6	20.7	20.9	20.8	20.9	20.7	20.9	20.8	20.9
87	47	48	20.8	20.6	20.8	20.6	20.8	20.5	20.7	20.8	20.8	20.9	20.9	21.1	15.0	20.2	21.5	20.6	17.0	16.6	12.9	13.4	17.7	13.8	13.3	16.5	18.1	19.0	18.6	19.4	19.6	19.9	19.9	19.7
88	48	49	20.7	20.7	20.6	20.7	20.8	20.8	20.6	20.6	20.4	20.8	20.9	20.8	19.5	15.0	15.0	15.0	20.9	20.8	20.7	20.8	20.8	20.8	20.6	20.7	20.8	20.8	20.8	20.7	20.9	20.9	20.8	21.1
89	49	50	14.6	10.6	7.5	2.0	0.6	0.5	0.5	0.5	0.5	1.5	19.4	18.2	18.4	19.1	15.0	20.6	20.7	20.7	20.7	20.7	20.3	20.7	20.6	20.6	20.7	20.8	20.8	20.8	20.8	20.9	20.8	20.8
90	50	51	20.7	20.8	20.6	20.5	20.5	20.5	20.2	20.4	20.6	20.8	20.8	20.7	20.8	20.9	20.5	20.9	16.0	6.2	6.4	2.2	0.8	0.6	0.5	0.5	0.6	2.4	18.2	17.6	18.6	19.8	17.4	20.8
91	51	52	20.9	20.7	20.6	20.8	20.7	20.8	20.7	20.6	20.8	2.7	1.1	9.5	20.9	20.8	20.8	20.9	20.7	20.8	20.7	20.8	20.8	20.7	20.6	20.7	20.9	21.1	20.9	20.8	20.7	20.9	20.9	15.0
92	52	53	17.2	15.7	16.0	4.5	1.2	0.6	0.5	0.5	0.5	0.5	0.5	0.5	0.5	0.5	1.3	19.6	20.7	20.7	20.7	20.7	20.7	20.5	20.5	20.5	20.5	20.7	17.4	18.9	20.5	20.6	21.0	15.0
93	53	54	20.9	20.9	20.5	20.4	20.7	20.4	20.3	20.5	20.6	20.2	20.3	20.4	20.3	20.3	20.6	20.8	18.3	14.7	3.5	2.1	0.5	0.5	0.5	0.5	0.5	0.5	0.5	0.5	0.5	0.5	2.5	15.0
94	54	55	21.0	20.7	21.1	20.9	20.8	20.7	20.4	20.6	20.7	20.7	20.7	20.6	20.4	20.5	20.4	20.5	20.7	20.5	20.8	20.7	20.8	20.6	20.5	20.6	21.5	15.0	15.0	15.0	21.5	20.3	15.0	15.0
95	45	56	19.3	18.9	19.3	19.1	19.2	19.4	19.0	18.9	19.3	15.0	20.1	15.0	15.0	15.0	19.0	15.0	20.8	20.8	20.7	20.8	20.8	20.8	20.6	20.3	20.7	20.7	20.7	20.7	20.6	20.6	20.1	20.6
96	46	57	19.1	18.7	19.3	18.7	18.8	18.8	18.7	19.0	19.4	20.4	15.0	15.0	15.0	15.0	20.6	15.0	20.8	20.5	20.7	20.7	20.3	20.6	20.9	20.2	20.7	20.7	20.8	20.9	20.9	20.5	20.7	21.0
97	47	58	21.5	20.0	18.0	16.7	17.7	20.9	21.1	21.2	21.0	20.0	20.7	26.4	22.5	28.8	22.5	22.5	27.6	27.5	27.4	27.3	27.5	27.2	27.4	27.3	27.7	27.5	27.6	27.8	27.7	27.7	27.9	28.1
98	48	59	15.8	10.7	6.2	15.6	9.0	10.5	6.9	1.3	0.5	0.5	0.5	0.5	15.0	15.0	15.5	15.0	20.6	20.8	20.8	20.8	20.5	20.3	20.5	20.3	20.2	20.4	20.5	20.5	20.9	21.1	20.9	21.1
99	49	60	14.4	8.5	5.4	5.4	2.7	1.1	0.5	0.5	0.5	0.5	0.5	0.5	0.5	4.7	15.0	15.0	20.7	20.7	20.5	20.6	20.4	20.5	20.4	20.2	20.6	20.4	20.5	20.6	20.7	20.3	21.1	20.8
100	50	61	16.9	8.8	2.1	0.9	0.5	1.1	1.3	1.9	2.3	2.0	14.8	21.2	18.1	19.7	21.4	22.5	27.2	27.2	27.5	27.4	21.4	14.5	14.7	25.5	25.3	27.5	27.2	27.4	27.5	27.7	27.6	27.9
101	51	62	11.9	8.1	4.5	1.4	0.5	0.5	0.5	0.6	0.5	0.5	0.5	0.5	0.5	2.9	16.6	15.0	20.7	20.7	20.5	20.5	20.9	20.7	20.4	20.5	20.6	20.8	20.7	20.8	20.5	20.8	20.5	20.9
102	52	63	9.8	10.6	11.9	6.0	2.4	0.6	0.6	0.6	0.7	0.5	0.5	0.5	0.5	0.6	19.8	15.0	20.8	20.8	20.9	20.6	20.5	20.3	20.5	20.6	20.8	14.9	5.2	10.0	20.5	20.6	21.0	20.7
103	53	64	13.6	4.3	1.1	0.5	0.5	0.5	0.5	0.5	0.5	0.5	0.5	0.6	1.5	2.7	7.8	22.5	27.6	27.5	27.7	25.7	20.0	8.6	2.0	0.5	0.5	0.5	0.5	0.5	0.5	2.2	27.8	28.0
104	54	65	17.5	18.6	18.0	18.2	17.6	15.9	17.6	18.8	19.6	20.8	20.2	19.8	19.8	19.7	15.0	15.0	20.8	20.8	20.8	20.9	20.8	20.5	20.6	20.8	21.0	21.4	20.8	21.2	20.8	20.6	20.9	21.0
105	55	66	19.1	19.1	19.1	19.3	19.0	19.4	19.0	19.0	20.0	19.3	20.0	19.7	20.3	20.2	15.0	15.0	20.7	20.8	20.7	20.6	20.5	20.6	20.4	20.9	20.6	20.8	20.8	20.8	20.9	20.7	21.1	20.9
106	56	57	27.5	27.6	27.6	27.6	27.6	27.5	27.6	27.5	27.9	22.5	22.5	22.5	22.5	22.5	22.5	22.5	27.8	28.1	28.1	28.1	27.5	28.0	27.7	27.3	27.9	28.0	27.9	28.0	28.0	27.6	28.1	28.2
107	57	58	22.2	20.7	21.2	21.4	18.3	15.1	16.5	12.6	14.1	22.5	22.5	22.5	22.5	22.5	22.5	22.5	27.3	27.7	27.7	27.5	27.2	27.7	27.1	26.7	27.4	27.8	28.0	27.6	27.8	27.7	27.6	27.9
108	58	59	27.5	27.2	27.2	27.5	27.4	27.3	10.8	1.3	0.9	1.2	1.9	6.2	22.5	22.5	27.9	22.5	15.0	5.8	4.1	3.8	6.0	10.5	22.2	20.0	22.4	23.5	23.2	22.7	22.9	22.8	24.2	21.6
109	59	60	27.5	27.1	27.3	27.3	7.3	1.7	0.5	0.5	0.6	0.7	0.6	0.9	0.9	2.2	22.5	22.5	27.1	27.6	27.0	27.3	27.0	27.7	26.2	12.7	10.1	8.2	4.0	6.9	28.0	27.9	28.2	28.3
110	60	61	16.3	5.6	1.8	1.8	1.3	0.7	0.5	0.6	0.7	0.7	0.7	0.8	1.0	1.9	0.5	22.5	27.6	27.2	27.0	27.4	27.2	27.5	25.6	19.4	19.4	17.9	16.0	7.1	6.1	15.3	27.6	27.9
111	61	62	26.5	25.9	26.3	18.4	9.2	5.9	6.9	18.0	18.6	11.4	7.7	4.2	6.3	27.4	27.9	28.5	11.0	3.3	1.1	0.5	0.5	0.9	1.6	1.5	0.9	0.7	0.6	0.7	0.9	0.7	2.4	0.6
112	62	63	26.8	27.0	27.3	26.5	6.3	12.1	14.2	11.9	25.6	2.6	0.6	0.5	2.2	4.8	28.8	28.3	27.8	27.3	27.7	2.1	0.5	0.8	1.2	1.8	1.0	0.8	1.3	4.2	21.5	28.1	28.5	22.5
113	63	64	14.3	4.4	2.7	1.2	0.7	1.0	1.5	1.6	0.6	0.5	0.5	0.5	1.5	2.4	3.4	25.4	27.3	27.5	27.3	27.1	4.2	1.2	1.0	2.1	3.6	27.4	19.5	9.3	15.6	23.2	27.7	22.5
114	64	65	27.6	27.2	27.6	27.1	27.0	27.2	27.4	27.5	27.5	28.0	27.7	28.0	27.5	27.3	28.0	27.9	21.0	20.2	14.1	20.3	19.0	17.4	16.5	12.0	0.8	0.5	0.5	0.5	0.5	22.5	22.5	22.5
115	65	66	28.1	28.2	28.2	27.5	27.7	27.5	27.9	27.5	28.2	27.7	27.8	27.9	28.1	28.1	27.6	28.1	27.4	27.6	27.7	27.6	27.2	27.6	27.7	27.4	27.8	22.5	22.5	22.5	22.5	22.5	22.5	22.5
116	56	67	20.9	20.7	20.8	20.8	20.6	20.7	20.3	20.7	20.6	20.5	20.0	20.1	20.3	20.8	20.8	15.0	19.3	18.8	19.4	19.0	19.2	19.2	19.2	19.0	19.5	19.9	19.3	19.6	20.1	15.0	15.0	19.2
117	57	68	20.9	20.8	20.8	20.4	20.7	20.7	20.6	20.7	20.8	21.0	20.5	20.5	20.3	20.9	20.7	15.0	18.4	18.3	17.8	17.5	18.0	18.1	18.2	17.5	19.1	19.8	19.7	19.9	19.8	19.3	20.3	19.4
118	58	69	27.1	26.9	25.9	22.4	15.5	14.3	16.7	9.8	5.5	2.7	2.5	27.8	27.9	28.1	27.9	26.0	12.0	5.2	1.4	0.5	0.5	0.5	0.5	0.6	1.0	1.8	1.8	2.0	24.8	27.5	29.0	25.3
119	59	70	20.7	20.7	20.6	20.6	20.6	20.5	20.5	20.7	20.9	21.0	20.6	20.5	20.8	21.1	21.1	15.0	10.5	10.2	6.7	16.7	11.8	5.6	4.9	0.8	0.5	0.5	0.5	0.5	19.7	19.3	19.8	19.8
120	60	71	20.8	20.7	20.6	20.5	20.6	20.5	20.7	20.7	20.7	20.9	20.8	20.7	20.8	20.9	21.1	20.6	12.1	9.0	5.1	6.3	2.7	0.7	0.5	0.5	0.5	0.5	0.5	0.5	0.5	1.3	18.4	19.8
121	61	72	27.4	26.1	25.9	20.5	21.9	19.5	20.0	19.5	13.7	8.7	1.7	1.7	0.7	0.5	0.5	0.8	15.9	9.1	5.9	2.2	1.6	0.5	0.5	0.5	0.5	0.5	0.8	1.4	2.7	21.2	22.7	21.6
122	62	73	20.6	20.7	20.7	20.7	20.2	20.1	20.1	14.1	1.3	2.0	20.6	20.2	20.8	21.0	21.1	15.0	12.1	10.0	7.0	1.6	0.6	0.5	0.5	0.5	0.5	0.5	0.5	0.5	0.5	18.2	17.7	20.1
123	63	74	20.7	20.6	20.6	20.5	20.1	20.1	20.3	20.4	20.6	20.8	20.5	20.8	20.8	20.9	20.9	15.0	7.6	11.8	13.6	8.2	1.7	0.8	0.8	0.6	0.8	2.9	3.6	1.9	3.3	5.1	19.0	19.9
124	64	75	27.5	27.0	26.3	26.9	25.9	27.1	27.2	27.5	27.5	27.5	27.7	27.8	27.6	27.5	28.1	22.5	21.7	20.3	20.8	20.5	17.4	17.1	12.4	4.0	0.5	0.5	0.5	0.5	5.0	27.9	24.8	22.2
125	65	76	20.6	20.8	20.8	20.4	20.4	20.5	20.6	20.5	20.5	20.7	20.9	20.9	20.8	20.9	21.0	15.0	18.9	18.7	18.6	18.9	18.7	17.8	17.7	18.8	19.7	19.0	19.8	20.2	15.0	17.6	15.0	15.0
126	66	77	21.0	20.7	20.7	20.6	20.5	20.4	20.5	20.6	20.8	20.1	20.5	20.8	20.9	21.0	20.9	15.0	19.1	18.8	19.1	19.6	19.3	19.4	19.5	19.0	19.2	15.0	20.5	12.9	15.0	20.2	15.0	15.0
127	67	68	20.5	20.6	20.6	20.7	20.6	20.4	20.6	20.4	20.1	15.0	15.0	15.0	19.3	15.0	15.0	15.0	21.3	20.8	20.8	20.4	20.5	20.5	20.7	20.4	20.9	20.4	20.3	20.9	20.4	21.8	21.0	21.0
128	68	69	17.4	17.4	9.4	3.8	0.9	0.5	0.5	0.5	0.5	0.5	0.5	15.0	15.0	15.0	15.0	15.0	20.6	20.8	20.6	20.4	20.5	20.0	20.3	20.5	20.4	20.6	20.5	20.7	20.3	21.0	20.6	21.1
129	69	70	20.8	20.7	20.7	20.7	20.6	20.1	20.6	20.6	20.6	20.7	20.7	15.0	21.8	15.0	20.3	15.0	16.6	16.5	10.3	5.5	2.6	0.8	0.5	0.5	0.5	0.7	3.9	19.9	20.1	19.8	19.7	19.4
130	70	71	20.7	20.7	20.7	20.7	20.8	20.7	20.7	20.9	20.9	21.0	20.9	20.6	15.0	15.0	15.0	15.0	20.9	20.8	20.8	20.7	20.6	20.6	20.7	20.6	20.7	21.1	21.0	20.9	20.9	20.7	21.1	21.1
131	71	72	16.8	10.9	1.9	0.5	0.5	0.5	0.5	0.5	0.5	0.5	0.5	0.5	0.5	0.5	0.5	0.5	20.7	20.6	20.7	20.5	20.4	20.3	20.5	20.3	21.0	20.6	20.7	20.6	20.5	20.3	20.5	20.9
132	72	73	20.7	20.5	20.6	20.6	20.5	20.7	20.7	20.5	9.0	16.5	20.9	20.5	20.3	15.0	20.0	20.6	15.8	8.7	2.6	0.7	0.5	0.5	0.5	0.5	0.5	0.5	0.5	0.5	0.5	0.5	0.5	0.5
133	73	74	20.6	20.7	20.7	20.7	20.7	20.7	20.8	20.8	20.8	20.9	20.9	20.9	21.2	21.3	21.1	20.8	20.7	20.7	20.6	20.3	20.5	20.5	20.8	13.7	0.6	0.6	20.9	21.4	21.1	21.3	21.0	15.0
134	74	75	15.7	14.0	4.8	1.8	1.2	3.3	15.9	16.5	19.4	20.1	19.6	16.5	19.7	19.4	15.0	19.9	20.7	20.4	20.5	20.4	20.5	20.4	20.7	20.7	20.9	21.2	20.9	20.9	20.9	21.0	20.9	15.0
135	75	76	20.8	20.7	20.7	20.5	20.6	20.6	20.7	21.0	20.8	21.0	21.0	20.8	21.0	21.0	21.4	20.7	16.4	15.2	7.1	2.0	7.7	6.7	12.5	12.3	19.0	15.0	15.0	15.0	15.0	20.9	15.0	15.0
136	76	77	20.8	20.7	20.8	20.4	20.3	20.6	20.6	20.9	20.8	21.3	20.5	20.6	20.8	20.9	21.1	15.0	20.5	20.4	20.5	19.8	20.4	20.5	20.6	20.7	20.9	15.0	15.0	15.0	15.0	15.0	15.0	15.0
137	67	78	20.6	20.4	20.3	20.3	20.6	20.6	20.7	20.8	20.9	20.9	20.8	21.2	21.1	15.0	20.6	15.0	20.9	20.6	20.4	20.5	20.5	20.9	20.8	20.6	20.8	20.5	21.2	20.7	20.7	15.0	15.0	21.0
138	68	79	20.7	20.7	20.5	20.5	20.9	20.7	20.9	20.8	20.9	20.8	20.9	20.7	20.7	21.0	20.7	20.7	20.6	20.5	20.6	20.4	20.5	20.8	20.7	20.7	20.9	20.6	20.7	21.3	15.0	21.3	21.4	20.5
139	69	80	27.4	25.9	26.0	27.8	28.1	21.2	13.1	8.0	3.7	3.6	27.4	28.4	28.3	28.3	28.2	27.2	27.8	27.6	27.6	9.3	1.2	0.5	0.5	0.5	0.9	1.6	2.5	28.1	28.5	28.4	26.6	28.4
140	70	81	20.7	20.6	20.4	20.5	20.7	21.0	20.8	20.9	20.9	20.9	21.0	20.9	21.0	21.0	21.0	21.1	20.7	20.6	20.6	20.6	20.7	20.8	20.8	20.9	21.1	21.1	20.8	21.1	20.9	21.7	20.3	21.5
141	71	82	20.7	20.5	20.4	20.7	20.8	20.9	20.6	20.8	21.1	21.0	21.0	20.9	21.0	21.2	21.1	20.8	20.6	20.8	20.4	20.6	20.6	20.7	20.7	20.6	20.4	21.0	21.1	20.9	20.9	21.4	21.0	21.0
142	72	83	27.3	26.1	19.9	27.8	27.9	27.7	27.8	16.9	8.8	1.1	0.5	0.6	0.5	0.5	0.5	1.3	28.0	27.8	24.7	25.2	27.7	2.7	0.5	0.5	0.5	0.5	0.6	1.2	3.1	12.0	23.0	28.3
143	73	84	20.9	20.6	20.5	20.6	20.8	20.5	20.8	20.8	20.6	20.8	20.9	20.9	21.1	21.0	21.4	20.8	20.6	20.7	20.6	20.7	20.7	20.9	20.8	12.6	1.1	5.7	21.0	21.0	21.5	20.8	21.0	21.1
144	74	85	20.7	20.3	20.4	20.7	21.0	20.9	20.7	20.8	20.8	21.3	21.1	21.0	21.1	20.9	20.9	20.8	20.7	20.7	20.6	20.7	20.8	20.7	20.8	20.8	21.1	21.1	21.0	20.8	21.3	20.9	15.0	21.5
145	75	86	27.4	27.0	26.7	27.1	27.9	27.5	27.7	28.0	28.2	28.2	28.4	28.4	28.1	27.9	28.3	27.0	28.1	28.0	26.6	27.0	27.5	27.8	28.1	28.0	28.5	28.4	28.3	28.2	28.9	25.2	29.0	28.4
146	76	87	20.7	20.7	20.3	20.4	21.0	20.9	20.9	20.9	21.3	21.0	21.2	21.1	21.2	20.8	20.9	21.1	20.8	20.7	20.5	20.7	20.8	20.9	20.8	20.9	21.1	21.5	20.0	21.2	15.0	15.0	15.0	20.1
147	77	88	20.7	20.3	20.3	20.5	20.7	20.7	20.8	20.6	20.8	20.7	20.8	20.4	20.7	20.8	20.8	15.0	20.8	20.6	20.3	20.5	20.8	20.7	20.8	20.6	21.0	15.0	21.1	21.2	15.0	21.1	15.0	15.0
148	78	79	20.4	20.5	20.5	20.7	20.7	20.6	20.5	20.5	20.7	15.0	15.0	15.0	15.0	15.0	15.0	15.0	20.8	20.5	20.5	20.4	20.8	20.9	20.8	21.0	20.6	20.6	20.6	20.8	20.5	20.6	20.7	20.2
149	79	80	16.8	14.0	11.5	15.6	17.6	2.1	0.6	0.5	0.5	0.5	15.0	15.0	15.0	15.0	15.0	15.0	20.6	20.4	20.5	20.5	20.6	20.7	20.4	20.5	20.7	20.4	20.7	21.1	21.1	21.2	20.8	20.8
150	80	81	20.4	20.6	20.6	20.6	20.8	20.6	20.7	20.7	20.7	20.9	20.9	15.0	19.8	19.6	20.1	15.0	18.2	12.4	13.1	16.1	14.8	3.7	1.1	0.5	0.5	0.9	19.3	19.4	19.9	20.0	19.6	19.7
151	81	82	20.7	20.7	20.8	20.8	20.8	20.7	20.7	20.8	21.0	21.0	20.9	21.2	15.0	15.0	15.0	15.0	20.8	20.6	20.5	20.8	20.5	20.7	20.6	20.9	20.9	21.0	20.8	20.9	20.8	21.2	21.2	21.0
152	82	83	15.5	5.2	3.3	17.2	14.9	11.4	3.4	0.6	0.5	0.5	0.5	0.5	0.5	0.5	0.5	0.5	20.5	20.4	20.3	20.7	20.6	20.8	20.8	20.2	20.4	20.6	20.6	20.5	20.9	20.9	20.3	20.9
153	83	84	20.6	20.6	20.7	20.8	20.9	20.7	20.8	20.8	20.8	20.7	20.8	20.9	20.8	15.0	15.0	20.6	11.7	7.4	2.9	14.2	17.5	11.6	3.7	0.7	0.5	0.5	0.5	0.5	0.5	0.5	0.5	0.5
154	84	85	20.7	20.6	20.7	20.8	20.9	20.8	20.7	20.6	20.6	21.0	21.0	20.8	21.0	20.9	21.1	20.9	20.4	20.4	20.6	20.8	20.7	20.7	20.8	20.8	20.8	20.9	20.8	21.1	20.8	20.8	21.4	15.0
155	85	86	17.0	14.9	16.1	15.5	18.1	18.1	17.9	17.6	19.9	19.7	19.3	18.9	16.2	20.1	15.0	19.8	20.7	20.3	20.4	20.8	20.6	20.7	20.7	20.6	21.0	21.1	20.9	21.1	21.1	20.7	21.3	15.0
156	86	87	20.8	20.4	20.6	20.8	20.8	20.9	20.9	20.8	20.9	20.8	21.0	20.9	21.0	20.7	21.1	20.4	17.1	11.9	13.7	16.6	15.9	15.5	13.7	16.0	19.3	15.0	15.0	15.0	15.0	15.0	15.0	15.0
157	87	88	21.0	20.2	20.6	20.9	20.7	20.7	20.9	20.5	20.6	20.7	20.9	20.8	20.6	20.4	20.9	20.2	20.5	20.5	20.3	20.5	20.4	20.6	20.6	20.8	21.3	15.0	15.0	15.0	21.0	21.5	20.3	15.0
158	78	89	19.2	19.6	19.4	18.8	19.2	19.3	19.1	19.5	20.0	20.1	19.8	20.1	20.4	20.4	19.5	15.0	20.3	20.3	20.4	20.8	20.7	20.8	20.8	20.5	20.9	15.0	20.7	21.3	21.1	15.0	20.3	20.5
159	79	90	19.4	19.4	18.6	17.9	18.9	19.0	18.8	19.2	19.1	19.5	20.0	20.0	19.6	19.9	20.2	19.4	20.6	20.1	20.4	20.7	20.6	20.5	20.8	20.7	20.9	15.0	21.1	20.8	15.0	21.2	20.9	20.9
160	80	91	19.3	21.4	23.2	23.2	21.8	21.2	20.8	17.8	17.3	23.4	20.8	25.0	25.7	25.0	22.3	26.0	27.9	27.5	27.2	27.4	27.6	2.7	0.6	0.5	0.7	1.3	27.6	27.5	28.3	27.8	27.3	27.9
161	81	92	14.5	18.2	16.8	17.9	17.7	15.6	14.0	17.6	18.4	19.8	19.6	19.7	19.9	19.8	19.8	19.3	20.1	20.2	20.7	20.7	20.7	20.8	20.6	20.7	20.9	15.0	20.8	20.9	21.5	20.6	20.7	20.7
162	82	93	14.5	10.2	16.6	16.9	17.2	16.0	15.1	16.0	14.2	19.8	19.1	19.4	19.8	19.6	19.8	18.9	20.8	20.5	20.5	20.7	20.7	20.8	20.7	20.7	20.9	15.0	21.2	21.2	15.0	20.8	21.4	21.2
163	83	94	7.0	4.3	8.6	23.2	22.4	20.3	14.9	9.2	1.4	0.5	0.5	0.5	0.5	0.5	0.5	1.6	27.5	26.9	26.8	27.4	27.6	27.4	5.0	0.6	0.5	0.5	0.5	2.6	27.9	27.7	27.4	27.5
164	84	95	15.0	14.4	16.7	16.3	7.2	3.0	1.1	0.5	0.5	0.5	0.5	0.5	0.5	0.5	0.5	0.5	20.7	20.3	20.6	20.7	20.7	20.7	20.8	20.3	20.6	20.6	20.7	20.9	20.3	20.6	20.7	20.8
165	85	96	15.7	14.2	16.4	15.9	17.0	16.9	12.0	1.3	0.5	0.5	0.5	0.5	0.5	0.5	0.5	0.5	20.4	20.3	20.7	20.7	20.7	20.7	20.9	20.7	20.6	20.7	20.7	20.9	19.4	20.5	15.0	21.1
166	86	97	12.4	12.2	20.9	21.7	21.9	21.3	9.7	6.4	11.0	24.3	22.9	24.7	23.4	23.1	23.9	21.4	27.8	26.1	26.7	27.5	27.8	27.7	27.6	27.8	28.3	28.3	28.0	28.5	28.4	28.7	28.6	28.2
167	87	98	19.1	18.5	18.3	18.1	19.3	19.2	18.4	18.8	19.5	20.0	19.9	19.3	19.6	19.9	19.3	20.9	20.5	20.2	20.6	20.7	20.8	20.7	20.8	20.7	21.8	15.0	20.7	21.0	20.7	20.0	15.0	20.7
168	88	99	19.7	19.1	19.4	19.1	19.2	19.3	19.5	19.0	19.3	20.1	19.8	20.1	20.2	19.8	20.3	15.0	20.4	20.2	20.7	20.8	20.6	20.7	20.6	20.6	21.1	15.0	20.4	20.3	20.1	20.2	15.0	20.4
169	89	90	27.5	27.5	27.6	27.5	27.5	27.4	27.4	27.4	27.4	22.5	22.5	22.5	22.5	22.5	22.5	22.5	27.5	27.2	27.9	28.0	28.2	28.3	27.8	27.7	28.0	27.4	27.9	27.2	27.8	27.6	27.9	27.9
170	90	91	22.4	22.3	21.8	22.1	22.8	23.5	22.6	13.0	5.4	22.5	22.5	22.5	22.5	22.5	22.5	22.5	27.0	26.8	26.8	27.5	27.3	27.6	27.4	27.2	27.5	27.6	27.6	27.6	27.7	27.8	27.7	27.6
171	91	92	27.6	27.2	27.1	27.3	27.4	27.4	27.4	27.6	27.6	28.2	27.7	25.4	25.1	29.0	22.5	22.5	20.1	14.7	6.4	2.4	2.2	1.6	1.6	1.0	1.5	22.4	24.5	24.1	23.6	25.3	25.4	24.2
172	92	93	27.7	27.9	27.7	28.0	27.6	27.7	27.8	27.7	28.3	28.3	28.1	22.5	22.5	22.5	22.5	22.5	27.5	27.2	27.3	27.7	26.9	27.1	27.2	27.7	27.8	28.2	28.3	28.1	28.1	28.4	28.2	28.0
173	93	94	21.3	20.2	20.8	20.9	21.1	19.8	19.9	20.4	1.9	0.5	0.5	0.5	0.5	0.5	0.5	0.5	26.9	26.3	26.8	26.6	27.2	26.7	26.2	27.1	27.3	27.3	27.8	27.7	27.9	27.9	28.0	27.7
174	94	95	27.2	27.0	27.4	27.1	22.0	11.0	6.2	1.3	0.5	0.5	0.5	0.5	0.5	0.5	0.5	1.4	13.3	4.4	1.6	0.5	0.5	0.5	0.5	0.5	0.5	0.5	0.5	0.5	0.5	0.5	0.5	1.8
175	95	96	27.2	27.2	27.5	27.9	27.5	27.3	25.4	5.2	0.9	23.8	24.0	6.0	19.2	17.6	26.6	24.2	28.0	27.5	27.4	23.4	3.3	1.4	0.5	0.5	0.5	0.5	0.5	0.5	0.5	0.5	0.5	1.6
176	96	97	22.8	21.5	22.9	23.0	23.6	22.6	18.8	12.4	23.7	25.5	21.4	18.8	24.3	25.6	27.8	21.8	27.5	27.5	27.7	27.6	27.8	27.5	24.4	1.6	0.5	0.5	0.5	0.5	0.5	0.6	0.5	1.0
177	97	98	27.0	26.7	27.2	27.4	27.1	27.3	26.5	27.4	27.7	27.7	27.6	27.8	27.4	27.5	27.6	27.4	18.5	16.7	10.8	5.9	5.9	5.2	3.9	12.2	23.6	22.5	22.5	22.5	22.5	22.5	22.5	22.5
178	98	99	27.5	27.7	28.0	28.2	28.2	27.7	27.9	28.0	27.7	28.0	27.8	27.7	27.4	27.5	27.2	27.8	27.0	27.5	27.5	27.3	27.5	27.6	27.5	27.6	27.5	22.5	22.5	23.9	22.5	22.5	22.5	22.5
179	89	100	20.4	20.3	20.6	20.8	20.9	20.7	20.7	20.5	20.7	20.8	20.9	20.9	20.5	20.6	20.7	20.6	19.0	18.5	19.0	19.0	18.9	18.9	19.1	18.5	18.0	15.0	15.0	15.0	15.0	15.0	15.0	15.0
180	90	101	20.2	20.5	20.8	21.0	20.8	21.0	20.5	20.6	20.6	20.7	20.5	20.5	20.9	20.6	20.9	20.9	17.5	15.8	17.6	18.3	17.7	18.2	18.5	18.5	18.9	15.0	15.0	15.0	15.0	15.0	15.0	15.0
181	91	102	26.4	27.3	27.5	27.1	26.5	26.5	26.8	27.0	27.5	27.6	27.3	27.9	28.0	28.2	27.5	27.8	11.0	9.1	19.6	15.1	17.9	10.9	9.1	6.9	1.7	25.1	22.5	22.5	22.5	22.5	22.5	22.5
182	92	103	20.5	20.5	20.8	20.8	20.7	20.7	20.8	20.6	20.9	21.1	20.8	20.7	20.8	20.4	21.0	20.9	13.1	7.3	10.3	16.2	16.9	11.0	15.2	16.8	17.7	15.0	15.0	15.0	15.0	20.6	15.0	15.0
183	93	104	20.4	20.6	20.7	20.9	20.9	20.7	20.7	20.6	20.8	20.5	20.7	20.9	20.8	20.8	21.1	20.8	8.4	2.2	4.4	16.1	13.1	16.0	13.9	13.6	15.8	15.0	15.0	15.0	15.0	15.0	15.0	15.0
184	94	105	27.0	27.7	27.7	27.6	27.6	27.2	27.1	27.2	27.4	27.1	27.7	27.9	27.6	28.3	28.4	27.6	20.9	20.4	20.2	21.3	22.1	20.7	21.3	20.0	3.8	22.5	0.5	22.5	22.5	22.5	22.5	22.5
185	95	106	20.5	20.6	21.0	20.8	20.5	20.6	20.6	20.6	20.5	20.7	20.6	20.9	20.5	20.4	20.4	20.2	10.9	8.3	15.4	12.2	1.5	0.9	0.5	0.5	0.5	0.5	0.5	0.5	0.5	0.5	0.5	0.5
186	96	107	20.7	20.7	20.8	20.9	20.8	20.6	20.6	20.3	20.4	20.7	20.6	20.0	20.2	20.6	20.3	20.4	18.0	13.6	16.1	14.1	17.3	16.7	15.2	1.3	0.5	0.5	0.5	0.5	0.5	0.5	0.5	15.0
187	97	108	27.3	27.7	27.3	27.7	27.2	27.5	27.2	26.9	27.5	27.3	27.3	27.3	27.2	27.4	27.8	27.5	24.0	24.3	21.9	22.9	22.3	22.1	22.3	23.3	25.0	22.5	22.5	22.5	22.5	22.5	22.5	22.5
188	98	109	20.5	20.7	20.8	20.8	21.0	20.9	20.8	20.6	20.7	21.1	20.7	20.5	20.6	20.6	20.9	20.6	18.6	18.5	19.0	19.1	18.7	19.0	18.7	18.8	19.5	15.0	16.9	15.0	15.0	15.0	15.0	15.0
189	99	110	20.7	20.5	20.9	20.9	20.5	20.6	20.7	20.4	20.9	20.6	20.8	20.6	20.5	20.7	21.0	20.8	19.0	18.8	18.7	19.1	19.2	18.9	18.7	19.0	19.4	15.0	15.0	15.0	18.6	20.3	15.0	20.6
190	100	101	20.5	20.5	20.6	20.6	20.3	20.5	20.6	20.6	20.8	15.0	15.0	20.5	15.0	15.0	15.0	15.0	20.4	20.5	20.7	20.4	20.2	20.5	20.6	20.9	20.3	20.6	20.7	20.7	20.3	20.7	20.6	20.8
191	101	102	18.6	18.6	18.9	18.8	18.4	18.8	19.0	18.3	17.6	15.0	15.0	15.0	15.0	15.0	15.0	15.0	20.6	20.6	20.6	20.5	20.5	20.6	20.6	20.7	20.7	20.8	20.9	20.8	20.5	21.1	21.1	20.7
192	102	103	20.7	20.7	20.5	20.8	20.6	20.7	20.5	20.5	20.9	20.9	19.7	15.0	21.0	15.0	21.8	20.0	19.2	18.7	18.7	18.5	17.6	18.2	18.3	18.8	19.2	19.9	19.8	19.7	20.2	20.3	20.4	19.6
193	103	104	20.6	20.8	20.7	20.8	20.7	20.4	20.8	20.6	20.8	20.9	21.1	15.0	15.0	15.0	15.0	15.0	20.7	20.8	20.6	20.5	20.7	20.7	20.7	20.7	20.9	20.6	20.8	20.4	20.3	20.7	20.8	20.7
194	104	105	18.8	19.0	19.3	18.3	18.9	18.7	18.9	17.5	19.7	20.0	17.6	15.0	15.0	15.0	15.0	15.0	20.6	20.8	20.9	20.7	20.5	20.7	20.7	20.7	20.8	20.4	20.8	20.7	21.1	20.7	20.4	20.7
195	105	106	20.8	20.8	20.8	20.8	20.6	20.7	20.7	20.6	20.8	20.7	20.6	20.7	20.7	15.0	21.3	20.5	18.7	18.2	18.5	17.8	18.8	17.4	16.8	17.9	19.3	19.8	19.4	19.8	19.7	19.5	20.3	19.7
196	106	107	20.7	20.8	21.0	20.9	20.7	20.8	20.7	20.9	20.8	20.2	20.7	20.9	20.4	20.3	20.3	20.5	20.7	20.6	20.6	20.6	20.7	20.5	20.7	20.6	21.0	20.8	21.0	20.4	20.8	20.7	20.7	20.8
197	107	108	19.2	19.3	19.1	19.2	18.8	18.8	18.7	18.9	19.9	20.1	19.6	19.6	20.0	19.8	20.4	19.3	20.4	20.5	20.3	20.7	20.8	20.7	20.5	20.4	20.8	21.1	20.4	20.4	20.3	20.7	20.5	20.2
198	108	109	20.9	20.6	20.8	20.8	20.8	20.8	20.6	20.6	20.7	20.8	20.7	20.7	20.8	20.6	21.1	20.7	19.0	18.3	17.9	18.3	17.6	17.3	16.2	17.6	19.4	15.0	15.0	15.0	15.0	19.0	15.0	15.0
199	109	110	20.7	20.5	21.0	21.0	20.6	20.5	20.6	20.7	20.6	21.3	20.3	20.2	20.3	20.2	21.0	20.3	20.5	20.3	20.5	20.1	20.3	20.4	20.3	20.4	20.5	15.0	19.5	20.3	19.0	20.5	20.6	15.0
200	100	111	19.8	20.1	20.3	20.0	20.4	20.5	20.6	20.5	20.5	20.1	19.9	20.5	20.0	20.1	20.1	20.2	20.4	20.4	20.3	20.5	20.3	20.3	20.2	20.4	20.3	15.0	15.0	21.5	15.0	15.0	15.0	15.0
201	101	112	20.0	21.2	20.8	20.6	20.8	20.5	20.5	20.5	20.1	20.8	20.6	20.8	21.3	20.2	20.6	20.4	20.4	20.6	20.4	20.4	20.4	20.5	20.6	20.5	21.2	20.3	15.0	20.1	15.0	21.2	15.0	20.4
202	102	113	27.2	28.1	28.0	27.7	27.8	27.9	27.8	27.5	27.5	27.3	27.7	28.0	27.9	27.7	27.3	27.4	27.3	27.3	27.5	27.5	26.9	27.4	27.4	27.4	28.7	22.5	22.5	22.5	22.5	22.5	22.5	22.5
203	103	114	20.4	21.0	20.8	20.6	20.7	20.4	20.6	20.8	20.6	20.4	20.6	20.6	20.3	20.4	21.2	20.3	20.6	20.6	20.5	20.7	20.4	20.5	20.5	20.6	20.2	15.0	15.0	20.3	15.0	15.0	15.0	20.3
204	104	115	20.6	20.9	20.7	20.5	20.8	20.5	20.6	20.6	20.5	20.1	20.4	20.7	21.0	20.4	21.2	20.6	20.5	20.8	20.5	20.4	20.6	20.5	20.5	20.5	21.3	15.0	15.0	15.0	15.0	15.0	15.0	15.0
205	105	116	27.8	28.2	28.0	28.0	27.9	27.8	28.0	27.4	27.7	27.3	27.8	27.7	27.5	27.5	26.4	27.5	27.2	27.4	27.6	27.7	27.4	27.4	27.3	27.4	27.7	22.5	22.5	22.5	22.5	22.5	22.5	22.5
206	106	117	20.9	21.0	20.9	20.5	20.6	20.5	20.6	20.4	20.7	20.8	20.0	20.5	20.6	20.4	21.1	20.5	20.5	20.6	20.7	20.7	21.0	20.5	20.5	20.7	21.1	19.8	15.0	15.0	15.0	15.0	15.0	15.0
207	107	118	20.0	20.8	20.7	20.3	20.6	20.6	20.5	20.5	20.2	20.7	20.7	20.6	20.7	20.9	15.0	20.6	20.5	20.6	20.6	20.4	20.6	20.6	20.5	20.6	20.7	15.0	15.0	15.0	15.0	15.0	15.0	18.8
208	108	119	27.8	27.9	27.9	28.1	28.1	28.0	28.0	27.5	27.6	27.4	27.2	27.0	27.9	27.7	28.1	27.1	27.3	27.6	27.6	27.5	27.6	27.6	27.6	27.5	27.6	22.5	22.5	22.5	22.5	22.5	22.5	22.5
209	109	120	20.6	20.7	20.8	20.7	20.4	20.7	20.7	20.3	20.4	20.6	20.6	20.2	20.4	20.4	20.3	20.5	20.6	20.6	20.4	20.4	20.7	20.6	20.4	20.6	21.2	19.3	15.0	15.0	18.6	15.0	15.0	15.0
210	110	121	20.5	20.7	20.4	20.4	20.4	20.4	20.2	20.3	20.3	20.3	20.1	20.0	20.0	20.4	20.4	20.1	20.2	20.4	20.3	20.3	20.4	20.2	20.6	20.6	20.9	15.0	15.0	18.9	15.0	15.0	15.0	15.0
211	111	112	20.4	20.3	20.3	20.2	20.4	20.4	20.3	20.3	15.0	20.1	19.5	15.0	15.0	15.0	15.0	15.0	20.6	20.4	20.2	20.2	20.1	20.0	20.1	20.4	20.4	19.7	19.8	20.4	19.7	20.7	20.5	20.2
212	112	113	19.2	18.9	18.8	18.6	18.8	18.8	18.7	18.8	17.1	15.0	15.0	15.0	15.0	15.0	15.0	15.0	20.6	20.7	20.2	20.4	20.7	20.5	20.5	20.7	20.8	21.0	20.8	20.6	20.6	20.9	20.6	20.6
213	113	114	20.7	20.5	20.5	20.5	20.5	20.4	20.5	20.5	20.7	21.7	20.4	18.5	19.5	21.6	15.0	20.5	19.5	18.9	19.3	19.5	18.9	19.0	19.1	19.4	20.2	15.0	20.2	20.0	19.3	19.9	21.1	20.2
214	114	115	20.7	20.7	20.6	20.8	20.5	20.4	20.5	20.7	21.0	20.3	20.3	15.0	20.3	15.0	15.0	15.0	20.8	20.5	20.6	20.4	20.7	20.7	20.6	20.7	20.8	19.7	20.7	20.8	20.2	21.0	15.0	20.8
215	115	116	19.4	19.1	19.0	19.0	19.3	18.9	19.1	19.2	18.8	25.0	20.4	15.0	15.0	15.0	15.0	15.0	20.8	20.6	20.6	20.4	20.4	20.5	20.6	20.8	20.8	20.7	21.1	21.1	20.8	20.4	20.1	20.8
216	116	117	20.7	20.5	20.7	20.6	20.8	20.5	20.8	20.8	20.9	21.2	20.7	20.8	21.0	19.8	20.1	20.4	19.4	19.1	19.1	18.9	18.7	19.3	19.1	19.4	19.5	20.9	20.5	15.0	20.7	18.6	21.2	20.2
217	117	118	20.9	20.4	20.6	20.5	20.5	20.6	20.7	20.7	20.6	20.6	20.4	20.6	21.1	15.0	15.0	20.3	21.0	20.7	20.5	20.5	20.7	20.4	20.5	20.9	20.9	15.0	15.0	21.4	20.3	21.0	21.0	15.0
218	118	119	19.6	19.5	19.0	19.5	19.1	19.1	19.6	19.6	19.7	20.8	20.4	20.3	20.5	15.0	15.0	20.9	20.8	20.5	20.5	20.5	20.6	20.7	20.5	20.6	20.4	15.0	20.6	20.8	20.3	20.2	20.9	19.8
219	119	120	20.8	20.5	20.6	20.7	20.6	20.6	20.6	20.6	20.6	20.6	21.0	20.8	21.1	20.6	20.5	20.2	19.2	19.1	18.7	18.7	19.1	19.2	18.8	19.1	19.9	15.0	15.0	15.0	15.0	15.0	15.0	15.0
220	120	121	20.1	20.2	20.2	20.1	20.4	20.3	20.2	20.3	20.3	20.5	20.4	20.5	20.7	20.0	20.4	20.7	20.4	20.1	20.3	20.1	20.2	20.2	20.1	20.4	20.7	15.0	15.0	15.0	15.0	15.0	15.0	15.0
