HHOLD	PERSON	TRIP	LEG	MODE	PROBLEM	START	ORIGIN	ARRIVE	DESTINATION	TIME	LINK	DIR	LANE	OFFSET	ROUTE
43184	1	1	2	0	23	0:16:10	290	0:22:05	320	0:16:34	166	0	1	0.0	0
5674	1	1	2	0	9	0:01:53	279	0:08	95	1:06:50	58	1	1	825.0	0
14396	1	1	2	0	9	0:01:03	321	0:11:14	104	1:06:52	58	1	1	810.0	0
32542	1	1	2	0	9	0:03:40	326	0:09:35	99	1:06:54	58	1	1	795.0	0
58210	1	1	2	0	9	0:00:09	403	0:09:13	76	1:07:09	58	1	1	832.5	0
38488	1	1	2	0	9	0:00:49	386	0:11:55	125	1:07:11	58	1	1	817.5	0
49294	1	1	2	0	9	0:00:11	164	0:09:49	340	1:07:56	170	1	2	502.5	0
21403	1	1	2	0	9	0:05:10	377	0:14:48	134	1:13:05	111	1	1	892.5	0
16236	1	1	2	0	9	0:09:44	244	0:13:37	74	1:13:07	111	1	1	870.0	0
10799	1	1	2	0	9	0:10:22	224	0:15:44	70	1:13:08	111	1	1	855.0	0
2690	1	1	2	0	9	0:07:38	268	0:17:27	86	1:13:45	111	1	1	900.0	0
57586	1	1	2	0	9	0:05:57	68	0:13:10	184	1:14:06	47	0	1	862.5	0
13194	1	1	2	0	9	0:06:26	22	0:18:39	270	1:14:07	47	0	1	825.0	0
25230	1	1	2	0	9	0:10:21	45	0:18:30	286	1:14:07	47	0	1	810.0	0
58255	1	1	2	0	9	0:07:26	72	0:15:35	407	1:15:37	47	0	1	832.5	0
790	1	1	2	0	9	0:08:13	360	0:18:13	119	1:16:46	118	1	1	862.5	0
55435	1	1	2	0	9	0:08:54	339	0:20:11	84	1:16:46	118	1	1	870.0	0
15367	1	1	2	0	9	0:10:11	253	0:18:53	332	1:16:50	118	1	1	847.5	0
54072	1	1	2	0	9	0:12:17	163	0:18:01	282	1:16:50	103	0	1	847.5	0
12192	1	1	2	0	9	0:12:40	256	0:21	80	1:16:50	118	1	1	832.5	0
15975	1	1	2	0	9	0:13:39	235	0:19:23	327	1:16:52	118	1	1	817.5	0
13346	1	1	2	0	9	0:11:30	79	0:22:03	298	1:16:55	103	0	1	825.0	0
34646	1	1	2	0	9	0:11:37	188	0:21:59	318	1:16:55	103	0	1	832.5	0
3039	1	1	2	0	9	0:11:19	124	0:18:43	306	1:16:56	103	0	1	802.5	0
7537	1	1	2	0	9	0:12:56	164	0:20:20	319	1:16:56	103	0	1	810.0	0
41376	1	1	2	0	9	0:11:03	37	0:19:01	281	1:16:59	103	0	1	855.0	0
15871	1	1	2	0	9	0:11:17	163	0:19:15	321	1:16:59	103	0	1	862.5	0
57119	1	1	2	0	9	0:08:22	399	0:19:28	250	1:17:07	118	1	1	855.0	0
35340	1	1	2	0	9	0:11:47	205	0:16:13	325	1:17:12	103	0	1	870.0	0
32480	1	1	2	0	9	0:11:34	360	0:19:21	114	1:17:13	118	1	1	810.0	0
23404	1	1	2	0	9	0:10:32	235	0:18:30	77	1:17:24	118	1	1	885.0	0
22371	1	1	2	0	9	0:09:45	46	0:19	288	1:17:55	47	0	1	870.0	0
31559	1	1	2	0	9	0:15:22	23	0:23:31	264	1:19:14	47	0	1	742.5	0
40415	1	1	2	0	9	0:16:08	111	0:24:39	309	1:22:25	47	0	1	712.5	0
35746	1	1	2	0	9	0:17:12	48	0:23:41	283	1:23:15	47	0	1	720.0	0
13112	1	1	2	0	9	0:20:01	16	0:32:58	423	1:24:40	103	0	1	712.5	0
867	1	1	2	0	9	0:14:31	1	0:25:37	250	1:26:58	47	0	1	750.0	0
2501	1	1	2	0	9	0:04:46	64	0:14:34	290	1:28:57	47	0	1	840.0	0
58349	1	1	2	0	9	0:04:51	134	0:10:35	104	1:32:24	58	1	1	862.5	0
9013	1	1	2	0	9	0:10:15	256	0:20:15	83	1:32:25	58	1	1	840.0	0
55948	1	1	2	0	9	0:01:40	191	0:12:24	83	1:33:03	58	1	1	870.0	0
5426	1	1	2	0	9	0:03:08	325	0:09:03	99	1:35:14	58	1	1	847.5	0
4579	1	1	2	0	9	0:24:27	205	0:31:18	302	1:35:17	103	0	1	720.0	0
40169	1	1	2	0	9	0:22:52	69	0:35:05	437	1:36:03	113	0	1	772.5	0
50872	1	1	2	0	9	0:33:18	222	0:37:34	291	1:36:11	113	0	1	780.0	0
10915	1	1	2	0	9	0:11:39	274	0:22:46	333	1:40:51	113	0	1	892.5	0
55492	1	1	2	0	9	0:12:34	21	0:24:03	270	1:40:53	113	0	1	840.0	0
48301	1	1	2	0	9	0:15:31	171	0:23:17	312	1:40:53	113	0	1	870.0	0
43870	1	1	2	0	9	0:15:37	7	0:24:30	270	1:40:53	113	0	1	817.5	0
34237	1	1	2	0	9	0:18:38	115	0:24:44	311	1:40:53	113	0	1	825.0	0
34535	1	1	2	0	9	0:18:57	216	0:26:10	313	1:40:54	113	0	1	802.5	0
20920	1	1	2	0	9	0:32:32	115	0:38:27	289	1:40:55	113	0	1	787.5	0
50955	1	1	2	0	9	0:13:15	189	0:21:46	311	1:41:20	113	0	1	900.0	0
50982	1	1	2	0	9	0:18:23	206	0:27:27	316	1:44:34	103	0	1	877.5	0
13238	1	1	2	0	9	0:10:14	143	0:19:52	317	1:45:14	103	0	1	885.0	0
8603	1	1	2	0	9	0:14:06	109	0:20:12	306	2:01:21	110	0	1	817.5	0
52468	1	1	2	0	9	0:08:05	24	0:22:31	439	2:01:41	110	0	1	825.0	0
51163	1	1	2	0	9	0:07:07	1	0:16	264	2:02:09	110	0	1	847.5	0
18318	1	1	2	0	9	0:35:45	89	0:45:34	429	2:03:03	110	0	1	877.5	0
55199	1	1	2	0	9	0:46:58	67	0:56:02	431	2:03:04	110	0	1	832.5	0
10474	1	1	2	0	9	0:13:10	220	0:18:43	332	2:03:22	110	0	1	885.0	0
9931	1	1	2	0	9	0:10:26	170	0:21:55	314	2:03:33	110	0	1	840.0	0
35129	1	1	2	0	9	0:15:05	411	0:23:14	114	2:05:57	174	1	1	907.5	0
41471	1	1	2	0	9	0:09:52	347	0:16:32	97	2:05:59	174	1	1	870.0	0
43151	1	1	2	0	9	0:08:12	373	0:14:52	115	2:06	174	1	1	855.0	0
2551	1	1	2	0	9	0:13:10	268	0:17:48	326	2:06:03	174	1	1	795.0	0
34327	1	1	2	0	9	0:15	332	0:17:58	326	2:06:05	174	1	1	780.0	0
19053	1	1	2	0	9	0:16:49	395	0:26:04	113	2:06:06	174	1	1	757.5	0
20427	1	1	2	0	9	0:33:01	394	0:43:34	87	2:06:07	174	1	1	915.0	0
14758	1	1	2	0	9	0:15:27	351	0:22:07	95	2:06:13	174	1	1	802.5	0
16570	1	1	2	0	9	0:31:38	355	0:36:16	303	2:06:17	174	1	1	742.5	0
59042	1	1	2	0	9	0:30:01	327	0:42:14	23	2:06:27	174	1	1	922.5	0
54727	1	1	2	0	9	0:08:35	351	0:17:28	68	2:07:48	174	1	1	877.5	0
48121	1	1	2	0	9	0:10:19	435	0:19:34	135	2:08:11	174	1	1	832.5	0
45555	1	1	2	0	9	0:23:52	297	0:32:45	75	2:09:16	118	1	1	900.0	0
50173	1	1	2	0	9	0:45:48	380	0:51:32	284	2:11:26	181	1	1	810.0	0
43979	1	1	2	0	9	0:40:15	361	0:48:35	271	2:11:27	181	1	1	795.0	0
59923	1	1	2	0	9	0:25:21	379	0:33:30	395	2:11:40	181	1	1	855.0	0
59755	1	1	2	0	9	0:37:38	422	0:46:20	290	2:11:41	181	1	1	840.0	0
22165	1	1	2	0	9	0:21:33	346	0:24:42	298	2:13:07	171	1	1	840.0	0
59041	1	1	2	0	9	0:17:27	344	0:21:43	253	2:13:16	171	1	1	855.0	0
38275	1	1	2	0	9	0:12:48	27	0:19:17	283	2:14:19	47	0	1	847.5	0
26696	1	1	2	0	9	0:15:16	437	0:26:23	133	2:15:06	174	1	1	765.0	0
35557	1	1	2	0	9	0:25:41	408	0:29:12	319	2:15:14	171	1	1	885.0	0
56736	1	1	2	0	9	0:18:02	205	0:24:09	133	2:17	103	0	1	795.0	0
54007	1	1	2	0	9	0:16:16	18	0:25:54	301	2:17:01	103	0	1	772.5	0
14392	1	1	2	0	9	0:17:49	122	0:25:02	301	2:17:01	103	0	1	780.0	0
57036	1	1	2	0	9	0:13:24	205	0:20:04	319	2:17:03	103	0	1	832.5	0
40446	1	1	2	0	9	0:47:45	40	0:57:56	211	2:17:04	103	0	1	825.0	0
28973	1	1	2	0	9	0:28:08	123	0:37:12	277	2:17:12	103	0	1	840.0	0
59011	1	1	2	0	9	0:10:31	254	0:17:44	206	2:17:13	118	1	1	847.5	0
55590	1	1	2	0	9	0:17:53	295	0:26:46	250	2:17:16	118	1	1	802.5	0
40700	1	1	2	0	9	0:52:25	295	0:59:05	244	2:17:20	118	1	1	855.0	0
18534	1	1	2	0	9	0:23:07	79	0:31:05	279	2:17:29	103	0	1	810.0	0
1523	1	1	2	0	9	0:32:10	39	0:42:32	414	2:17:32	103	0	1	862.5	0
49204	1	1	2	0	9	0:21:57	109	0:32:08	292	2:18:08	47	0	1	870.0	0
35357	1	1	2	0	9	0:41:24	387	0:48:26	71	2:20:58	47	1	1	900.0	0
50324	1	1	2	0	9	0:40:39	388	0:47:41	72	2:20:59	47	1	1	885.0	0
54792	1	1	2	0	9	0:41:05	386	0:49:14	72	2:21:05	47	1	1	825.0	0
32639	1	1	2	0	9	0:39:21	225	0:47:41	28	2:21:08	47	1	1	907.5	0
55448	1	1	2	0	9	0:54:06	305	1:02:15	71	2:21:19	47	1	1	892.5	0
36994	1	1	2	0	9	0:33:54	351	0:41:29	71	2:21:23	47	1	1	832.5	0
55477	1	1	2	0	9	0:10:39	419	0:18:37	221	2:22:34	121	1	1	870.0	0
17217	1	1	2	0	9	0:28:29	431	0:38:17	104	2:22:35	121	1	1	825.0	0
1472	1	1	2	0	9	0:31:40	303	0:39:26	57	2:22:36	121	1	1	802.5	0
7102	1	1	2	0	9	0:34:56	241	0:43:16	39	2:22:36	121	1	1	810.0	0
58967	1	1	2	0	9	0:30:09	405	0:40:31	207	2:22:37	121	1	1	765.0	0
36588	1	1	2	0	9	0:37:06	303	0:43:24	252	2:22:37	121	1	1	787.5	0
2799	1	1	2	0	9	0:40:05	345	0:46:56	251	2:22:37	121	1	1	772.5	0
53363	1	1	2	0	9	0:41:22	344	0:47:17	227	2:22:39	121	1	1	750.0	0
6850	1	1	2	0	9	1:13:45	343	1:21:20	185	2:23:06	103	1	1	915.0	0
14770	1	1	2	0	9	1:12:32	221	1:16:48	188	2:23:11	103	1	1	885.0	0
2398	1	1	2	0	9	1:17:32	312	1:20:52	185	2:23:11	103	1	1	892.5	0
11880	1	1	2	0	9	1:15:55	370	1:23:20	188	2:23:12	103	1	1	862.5	0
58332	1	1	2	0	9	0:52:27	239	0:59:29	168	2:23:13	103	1	1	847.5	0
36088	1	1	2	0	9	1:05:46	306	1:12:48	188	2:23:18	103	1	1	922.5	0
9146	1	1	2	0	9	1:17:28	312	1:20:48	185	2:23:30	103	1	1	900.0	0
22617	1	1	2	0	9	1:10:52	300	1:20:08	186	2:23:37	103	1	1	930.0	0
48561	1	1	2	0	9	0:23:08	301	0:31:39	294	2:24:43	121	1	1	885.0	0
53308	1	1	2	0	9	0:19:28	320	0:27:26	181	2:34:35	121	1	1	907.5	0
58560	1	1	2	0	9	0:20:31	281	0:28:18	294	2:35:34	121	1	1	915.0	0
31698	1	1	2	0	9	0:22:12	346	0:30:32	81	2:37:04	121	1	1	922.5	0
53908	1	1	2	0	9	0:26	164	0:32:40	278	2:38:55	103	0	1	900.0	0
17746	1	1	2	0	9	1:13:34	313	1:19:18	200	2:53:09	111	1	1	810.0	0
46378	1	1	2	0	9	1:19:55	311	1:30:39	5	2:53:09	111	1	1	795.0	0
51905	1	1	2	0	9	1:09:42	204	1:12:06	199	2:53:28	111	1	1	817.5	0
30840	1	1	2	0	9	1:18:29	229	1:23:07	180	2:53:29	111	1	1	802.5	0
31997	1	1	2	0	9	1:16:35	225	1:19:44	178	2:53:50	111	1	1	855.0	0
8621	1	1	2	0	9	1:18:53	269	1:24:49	176	2:54:29	111	1	1	870.0	0
46239	1	1	2	0	9	1:27:34	247	1:33:41	153	2:55:26	111	1	1	757.5	0
4554	1	1	2	0	9	1:23	396	1:34:29	28	2:55:36	111	1	1	765.0	0
57744	1	1	2	0	15	0:06:29	72	0:14:49	331	3:14:50	101	0	2	915.0	0
40106	1	1	2	0	15	0:03:08	1	0:15:21	270	3:15:22	135	0	2	82.5	0
31796	1	1	2	0	15	0:05:28	440	0:15:50	156	3:15:51	121	1	4	262.5	0
53729	1	1	2	0	15	0:05:56	420	0:18:09	189	3:18:10	109	1	4	825.0	0
2920	1	1	2	0	15	0:12:53	205	0:18:37	323	3:18:38	111	1	4	315.0	0
39442	1	1	2	0	15	0:08:39	371	0:18:50	109	3:18:51	66	1	2	52.5	0
34824	1	1	2	0	15	0:08:19	351	0:19:36	106	3:19:37	44	1	4	105.0	0
19353	1	1	2	0	15	0:16:43	205	0:25:03	318	3:25:04	108	1	2	637.5	0
