METADATA	Wed Dec 11 15:07:58 2013	BOX_LENGTH	0	CELL_LENGTH	7.5	SAMPLE_TIME	1	INCREMENT	86400	NUM_BINS	6	VEHICLE_TYPE	0	VEHICLE_SUBTYPE	0
LINK	DIR	OFFSET	TIME	SPEED0	SPEED1	SPEED2	SPEED3	SPEED4	SPEED5
1	0	1000.0	24:00	13	18	1398	5435	0	0
1	1	1000.0	24:00	67	151	2030	7920	0	0
2	0	1000.0	24:00	752	1051	3078	11978	0	0
2	1	1000.0	24:00	51	145	4001	14999	124	0
3	0	1000.0	24:00	46	113	3096	11667	64	0
3	1	1000.0	24:00	523	706	2942	11542	0	0
4	0	1000.0	24:00	32	74	3164	12113	0	0
4	1	1000.0	24:00	58	94	3415	13399	0	0
5	0	1000.0	24:00	811	1157	3806	15046	0	0
5	1	1000.0	24:00	46	141	4103	15659	125	0
6	0	1000.0	24:00	53	161	3873	15165	93	0
6	1	1000.0	24:00	717	1067	3338	13059	0	0
7	0	1000.0	24:00	63	104	3365	13421	0	0
7	1	1000.0	24:00	13	52	2683	10441	0	0
8	0	1000.0	24:00	514	732	2959	11638	0	0
8	1	1000.0	24:00	41	102	2600	9812	60	0
9	0	1000.0	24:00	61	169	3992	15337	139	0
9	1	1000.0	24:00	657	912	2687	10434	0	0
10	0	1000.0	24:00	57	134	1929	7682	0	0
10	1	1000.0	24:00	1	9	1464	5419	0	0
11	0	1000.0	24:00	1	10	1541	6070	0	0
11	1	1000.0	24:00	64	139	1795	7181	0	0
12	0	1000.0	24:00	8	29	2331	8991	0	0
12	1	1000.0	24:00	63	141	3307	12546	0	0
13	0	1000.0	24:00	24	139	826	5709	18918	0
13	1	1000.0	24:00	153	218	333	6441	23979	0
14	0	1000.0	24:00	31	49	2675	10996	0	0
14	1	1000.0	24:00	60	149	2890	11097	0	0
15	0	1000.0	24:00	31	55	2697	10295	0	0
15	1	1000.0	24:00	41	112	3073	11977	0	0
16	0	1000.0	24:00	107	226	1033	6710	22651	0
16	1	1000.0	24:00	109	190	324	7031	25977	0
17	0	1000.0	24:00	28	34	2502	9602	0	0
17	1	1000.0	24:00	65	126	3125	11704	0	0
18	0	1000.0	24:00	73	53	2607	9686	0	0
18	1	1000.0	24:00	68	159	3041	11476	0	0
19	0	1000.0	24:00	65	163	767	5344	17476	0
19	1	1000.0	24:00	184	282	371	6551	23841	0
20	0	1000.0	24:00	74	75	2559	10030	0	0
20	1	1000.0	24:00	61	144	3229	12460	0	0
21	0	1000.0	24:00	6	23	1370	5525	0	0
21	1	1000.0	24:00	76	136	1972	7874	0	0
22	0	1000.0	24:00	52	59	2457	9643	0	0
22	1	1000.0	24:00	59	158	2987	11509	0	0
23	0	1000.0	24:00	2836	1661	4985	18674	0	0
23	1	1000.0	24:00	76	244	6010	22811	141	0
24	0	1000.0	24:00	83	167	4056	15098	79	0
24	1	1000.0	24:00	1252	1152	4467	17433	0	0
25	0	1000.0	24:00	142	144	4736	18403	0	0
25	1	1000.0	24:00	56	137	4946	19337	0	0
26	0	1000.0	24:00	3304	1715	5484	21585	0	0
26	1	1000.0	24:00	78	248	5762	21691	122	0
27	0	1000.0	24:00	67	268	6578	24626	107	0
27	1	1000.0	24:00	2490	1679	5629	21273	0	0
28	0	1000.0	24:00	94	176	5387	21058	0	0
28	1	1000.0	24:00	43	87	4580	17593	0	0
29	0	1000.0	24:00	1843	1135	4733	18381	0	0
29	1	1000.0	24:00	53	171	3933	14440	65	0
30	0	1000.0	24:00	66	312	6068	21815	98	0
30	1	1000.0	24:00	1441	1520	4773	18497	0	0
31	0	1000.0	24:00	79	159	2998	11524	0	0
31	1	1000.0	24:00	6	43	2478	9364	0	0
32	0	1000.0	24:00	764	1050	3221	12242	0	0
32	1	1000.0	24:00	47	232	4012	15155	123	0
33	0	1000.0	24:00	1553	1572	4970	18639	0	0
33	1	1000.0	24:00	68	313	6601	23329	130	0
34	0	1000.0	24:00	25103	3404	1933	12883	44972	0
34	1	1000.0	24:00	277	743	2287	16042	51813	0
35	0	1000.0	24:00	344305	10849	5048	18878	0	0
35	1	1000.0	24:00	93	467	6877	23680	69	0
36	0	1000.0	24:00	921875	30426	3961	14358	0	0
36	1	1000.0	24:00	91	620	7402	24902	24	0
37	0	1000.0	24:00	107004	6566	2500	14691	50249	0
37	1	1000.0	24:00	629	842	2230	17129	55743	0
38	0	1000.0	24:00	28288	3214	5628	21326	0	0
38	1	1000.0	24:00	126	331	6659	24727	151	0
39	0	1000.0	24:00	8589	2013	5415	20848	0	0
39	1	1000.0	24:00	108	276	6713	24074	145	0
40	0	1000.0	24:00	179884	10837	2351	12241	41549	0
40	1	1000.0	24:00	761	1112	2473	15491	49987	0
41	0	1000.0	24:00	3029	1744	5158	19501	0	0
41	1	1000.0	24:00	145	350	6615	24408	180	0
42	0	1000.0	24:00	798	1041	2984	12056	0	0
42	1	1000.0	24:00	65	178	4287	15950	132	0
43	0	1000.0	24:00	153	231	906	5870	19336	0
43	1	1000.0	24:00	143	222	353	6420	23949	0
44	0	1000.0	24:00	259853	16034	2779	12413	41890	0
44	1	1000.0	24:00	726	944	2282	15929	50520	0
45	0	1000.0	24:00	117463	95875	5013	19158	59649	0
45	1	1000.0	24:00	38993	10092	3531	24446	85718	0
46	0	1000.0	24:00	241818	241365	6804	13461	46408	0
46	1	1000.0	24:00	65911	2408	2677	30254	99319	0
47	0	1000.0	24:00	347429	342271	21520	11696	26554	0
47	1	1000.0	24:00	107566	83638	11436	30380	85818	0
48	0	1000.0	24:00	1295	1592	5725	35927	107633	0
48	1	1000.0	24:00	47854	11661	5692	30637	102969	0
49	0	1000.0	24:00	1337	825	1787	29604	103901	0
49	1	1000.0	24:00	1597	806	1928	27575	96796	0
50	0	1000.0	24:00	480162	51670	6623	23287	77480	0
50	1	1000.0	24:00	960	873	3223	24487	79267	0
51	0	1000.0	24:00	289	812	2653	16413	52517	0
51	1	1000.0	24:00	16816	3207	1917	13210	45351	0
52	0	1000.0	24:00	120	195	364	6691	24791	0
52	1	1000.0	24:00	18	186	869	6019	19640	0
53	0	1000.0	24:00	20	97	2733	10321	64	0
53	1	1000.0	24:00	573	786	3039	12010	0	0
54	0	1000.0	24:00	22	154	4054	15219	62	0
54	1	1000.0	24:00	1919	1212	4875	18689	0	0
55	0	1000.0	24:00	1871	1159	3542	25037	81197	0
55	1	1000.0	24:00	171105	146841	9097	18033	58426	0
56	0	1000.0	24:00	80	187	5356	19797	79	0
56	1	1000.0	24:00	255705	7792	6049	23019	0	0
57	0	1000.0	24:00	79	287	6040	21673	63	0
57	1	1000.0	24:00	377664	9725	5907	22432	0	0
58	0	1000.0	24:00	376576	53625	7057	30652	92526	0
58	1	1000.0	24:00	212646	233662	11113	21423	69339	0
59	0	1000.0	24:00	114	205	6153	22861	105	0
59	1	1000.0	24:00	31244	3237	6193	23861	0	0
60	0	1000.0	24:00	57	195	5378	20342	70	0
60	1	1000.0	24:00	9305	2021	6393	23914	0	0
61	0	1000.0	24:00	280885	133199	4687	17438	52714	0
61	1	1000.0	24:00	57326	12623	4423	25426	85047	0
62	0	1000.0	24:00	74	149	4348	16383	72	0
62	1	1000.0	24:00	1426	1116	4637	17908	0	0
63	0	1000.0	24:00	40	96	2917	10677	55	0
63	1	1000.0	24:00	529	744	2988	11615	0	0
64	0	1000.0	24:00	37	48	2466	9564	0	0
64	1	1000.0	24:00	35	128	2883	11122	0	0
65	0	1000.0	24:00	24763	3426	5682	21561	0	0
65	1	1000.0	24:00	97	337	6875	25298	127	0
66	0	1000.0	24:00	84	278	6203	22887	58	0
66	1	1000.0	24:00	5677	1625	5998	23181	0	0
67	0	1000.0	24:00	61	156	6106	23493	0	0
67	1	1000.0	24:00	88	183	6461	24776	0	0
68	0	1000.0	24:00	697747	40361	5610	18835	0	0
68	1	1000.0	24:00	125	431	8207	30077	120	0
69	0	1000.0	24:00	107	326	8002	29124	101	0
69	1	1000.0	24:00	492015	33713	6502	22645	0	0
70	0	1000.0	24:00	83	147	6752	25732	0	0
70	1	1000.0	24:00	70	142	6296	23647	0	0
71	0	1000.0	24:00	920327	22392	4857	18664	0	0
71	1	1000.0	24:00	103	255	6008	21725	77	0
72	0	1000.0	24:00	96	613	7409	24570	67	0
72	1	1000.0	24:00	821763	18582	4506	16898	0	0
73	0	1000.0	24:00	53	148	3268	12379	0	0
73	1	1000.0	24:00	15	20	2367	9121	0	0
74	0	1000.0	24:00	12	46	2846	11159	0	0
74	1	1000.0	24:00	54	92	3297	13122	0	0
75	0	1000.0	24:00	24	105	4699	17507	0	0
75	1	1000.0	24:00	87	160	5179	20655	0	0
76	0	1000.0	24:00	1105	902	2049	27536	97662	0
76	1	1000.0	24:00	1826	967	1815	30401	106732	0
77	0	1000.0	24:00	83	191	6661	24962	0	0
77	1	1000.0	24:00	88	235	6964	26682	0	0
78	0	1000.0	24:00	63	108	6315	24134	0	0
78	1	1000.0	24:00	90	133	6474	24814	0	0
79	0	1000.0	24:00	146880	252359	11251	22601	74659	0
79	1	1000.0	24:00	262068	32089	3262	37634	131330	0
80	0	1000.0	24:00	89	189	6975	26175	0	0
80	1	1000.0	24:00	86	175	6835	26102	0	0
81	0	1000.0	24:00	11838	241	6085	23546	0	0
81	1	1000.0	24:00	63	166	6252	24099	0	0
82	0	1000.0	24:00	395950	245528	5195	13651	45994	0
82	1	1000.0	24:00	40782	2144	2632	30589	102322	0
83	0	1000.0	24:00	105	126	4786	18596	0	0
83	1	1000.0	24:00	74	149	5392	21160	0	0
84	0	1000.0	24:00	30	56	2887	11524	0	0
84	1	1000.0	24:00	58	84	3291	12846	0	0
85	0	1000.0	24:00	37	58	2811	10780	0	0
85	1	1000.0	24:00	43	110	2835	10791	0	0
86	0	1000.0	24:00	21014	3046	5904	22200	0	0
86	1	1000.0	24:00	101	265	6055	22448	122	0
87	0	1000.0	24:00	93	179	5790	21860	85	0
87	1	1000.0	24:00	10259	2029	7021	27348	0	0
88	0	1000.0	24:00	136	216	6481	24707	0	0
88	1	1000.0	24:00	82	192	6909	26747	0	0
89	0	1000.0	24:00	918120	46168	5715	20318	0	0
89	1	1000.0	24:00	117	391	8179	29750	102	0
90	0	1000.0	24:00	136	492	8242	29854	86	0
90	1	1000.0	24:00	693157	34071	6398	22716	0	0
91	0	1000.0	24:00	45890	1071	6593	25321	0	0
91	1	1000.0	24:00	55	121	6242	23710	0	0
92	0	1000.0	24:00	161286	40133	4552	15184	0	0
92	1	1000.0	24:00	631	316	5801	21095	61	0
93	0	1000.0	24:00	93	674	6991	23200	32	0
93	1	1000.0	24:00	167499	36192	3943	13468	0	0
94	0	1000.0	24:00	48	121	2884	10938	0	0
94	1	1000.0	24:00	13	34	2424	9977	0	0
95	0	1000.0	24:00	749	1066	3501	13459	0	0
95	1	1000.0	24:00	71	178	3907	15230	102	0
96	0	1000.0	24:00	1807	1723	6097	22234	0	0
96	1	1000.0	24:00	101	238	6210	22577	131	0
97	0	1000.0	24:00	55346	13495	6423	31760	105107	0
97	1	1000.0	24:00	821	1225	4950	34841	107918	0
98	0	1000.0	24:00	181164	7700	7826	29482	0	0
98	1	1000.0	24:00	93	550	9314	31872	89	0
99	0	1000.0	24:00	775178	25048	6699	24354	0	0
99	1	1000.0	24:00	134	632	8816	30666	55	0
100	0	1000.0	24:00	251421	426287	29229	17470	43750	0
100	1	1000.0	24:00	23698	2114	6100	45015	139147	0
101	0	1000.0	24:00	122565	44471	5361	18934	0	0
101	1	1000.0	24:00	139	450	8254	29555	78	0
102	0	1000.0	24:00	720125	24863	6272	23401	0	0
102	1	1000.0	24:00	3538	511	8448	30486	82	0
103	0	1000.0	24:00	476234	363193	17370	10954	26559	0
103	1	1000.0	24:00	305997	104825	12498	29063	80774	0
104	0	1000.0	24:00	3530	1727	5508	21244	0	0
104	1	1000.0	24:00	70	246	6205	23397	123	0
105	0	1000.0	24:00	755	1071	3627	13781	0	0
105	1	1000.0	24:00	40	191	4178	15781	108	0
106	0	1000.0	24:00	29	194	1020	6655	22779	0
106	1	1000.0	24:00	125	227	373	7017	25830	0
107	0	1000.0	24:00	35925	5220	2355	15017	52130	0
107	1	1000.0	24:00	408	786	2321	16578	53930	0
108	0	1000.0	24:00	775637	66269	5952	30104	92267	0
108	1	1000.0	24:00	244537	22706	4990	32921	115827	0
109	0	1000.0	24:00	291219	266823	4741	22412	74797	0
109	1	1000.0	24:00	151055	4979	2709	38826	136313	0
110	0	1000.0	24:00	427747	493273	22459	13613	31997	0
110	1	1000.0	24:00	109370	4584	6435	45461	137756	0
111	0	1000.0	24:00	307446	19814	7866	45050	135675	0
111	1	1000.0	24:00	458611	517057	24875	12876	29788	0
112	0	1000.0	24:00	123908	136985	11089	31497	107158	0
112	1	1000.0	24:00	236831	316020	8061	19640	66903	0
113	0	1000.0	24:00	368519	341955	19458	15909	42473	0
113	1	1000.0	24:00	950564	137455	8327	26633	79190	0
114	0	1000.0	24:00	610	890	2331	17477	56332	0
114	1	1000.0	24:00	140373	5028	2323	14877	51577	0
115	0	1000.0	24:00	118	216	371	7114	26856	0
115	1	1000.0	24:00	95	213	1010	6580	22254	0
116	0	1000.0	24:00	72	158	3919	14736	100	0
116	1	1000.0	24:00	821	1121	3895	14801	0	0
117	0	1000.0	24:00	117	230	5816	21573	111	0
117	1	1000.0	24:00	2896	1683	5480	20824	0	0
118	0	1000.0	24:00	174800	6266	6512	36161	109997	0
118	1	1000.0	24:00	331476	338955	15701	11888	30211	0
119	0	1000.0	24:00	164	406	8146	29837	140	0
119	1	1000.0	24:00	395100	12061	7824	29738	0	0
120	0	1000.0	24:00	162	382	7988	29493	110	0
120	1	1000.0	24:00	117045	34755	6408	23477	0	0
121	0	1000.0	24:00	148347	68134	9956	42339	124065	0
121	1	1000.0	24:00	357063	336618	19915	21745	61949	0
122	0	1000.0	24:00	32832	1031	8526	29341	43	0
122	1	1000.0	24:00	120619	45110	5443	19327	0	0
123	0	1000.0	24:00	124	560	7931	27859	46	0
123	1	1000.0	24:00	521026	30881	6396	22832	0	0
124	0	1000.0	24:00	1862	1487	5120	35757	108143	0
124	1	1000.0	24:00	995180	26862	7239	31071	100907	0
125	0	1000.0	24:00	101	275	6263	22866	105	0
125	1	1000.0	24:00	2487	1914	6263	23406	0	0
126	0	1000.0	24:00	54	170	4055	15185	114	0
126	1	1000.0	24:00	764	1092	3641	14318	0	0
127	0	1000.0	24:00	17	38	2497	9736	0	0
127	1	1000.0	24:00	51	136	3016	11636	0	0
128	0	1000.0	24:00	811587	27065	4326	15745	0	0
128	1	1000.0	24:00	65	527	6773	22208	26	0
129	0	1000.0	24:00	82	328	6538	23869	70	0
129	1	1000.0	24:00	461240	13349	5590	20906	0	0
130	0	1000.0	24:00	70	153	6758	25694	0	0
130	1	1000.0	24:00	93	214	6732	25994	0	0
131	0	1000.0	24:00	201527	56013	4427	15397	0	0
131	1	1000.0	24:00	160	556	8675	30212	51	0
132	0	1000.0	24:00	2337	471	7887	28452	107	0
132	1	1000.0	24:00	223524	52525	4908	16794	0	0
133	0	1000.0	24:00	102	206	6878	26282	0	0
133	1	1000.0	24:00	29219	543	6295	24235	0	0
134	0	1000.0	24:00	138168	7479	6248	23450	0	0
134	1	1000.0	24:00	195	266	6018	22198	73	0
135	0	1000.0	24:00	92	336	6592	24477	130	0
135	1	1000.0	24:00	61109	5095	5862	21637	0	0
136	0	1000.0	24:00	47	123	2915	11418	0	0
136	1	1000.0	24:00	81	72	2614	10223	0	0
137	0	1000.0	24:00	33	104	3057	11581	0	0
137	1	1000.0	24:00	43	74	2927	11514	0	0
138	0	1000.0	24:00	83	150	4622	18538	0	0
138	1	1000.0	24:00	130	179	4955	18643	0	0
139	0	1000.0	24:00	147574	3769	2765	30849	107144	0
139	1	1000.0	24:00	231351	233779	4572	13855	47697	0
140	0	1000.0	24:00	77	198	6699	25644	0	0
140	1	1000.0	24:00	98	156	6142	23575	0	0
141	0	1000.0	24:00	117	217	6705	26185	0	0
141	1	1000.0	24:00	211	208	6400	24418	0	0
142	0	1000.0	24:00	295869	173824	13526	29447	96291	0
142	1	1000.0	24:00	268903	178028	4590	25943	89376	0
143	0	1000.0	24:00	82	197	6630	25305	0	0
143	1	1000.0	24:00	16200	337	6978	26384	0	0
144	0	1000.0	24:00	105	191	6560	25019	0	0
144	1	1000.0	24:00	86	174	6342	24402	0	0
145	0	1000.0	24:00	1666	874	1997	29686	105609	0
145	1	1000.0	24:00	1784	1059	2138	28240	99147	0
146	0	1000.0	24:00	55	125	4906	19568	0	0
146	1	1000.0	24:00	39	120	4876	18725	0	0
147	0	1000.0	24:00	54	131	3437	13288	0	0
147	1	1000.0	24:00	13	65	3190	12076	0	0
148	0	1000.0	24:00	23	39	2532	10015	0	0
148	1	1000.0	24:00	54	142	2977	11610	0	0
149	0	1000.0	24:00	394650	12687	5035	18569	0	0
149	1	1000.0	24:00	115	520	7168	24239	83	0
150	0	1000.0	24:00	116	249	5541	20726	78	0
150	1	1000.0	24:00	227046	6051	5524	20844	0	0
151	0	1000.0	24:00	89	112	6010	23683	0	0
151	1	1000.0	24:00	127	243	6440	24702	0	0
152	0	1000.0	24:00	556690	13034	7382	26916	0	0
152	1	1000.0	24:00	125	583	8404	28596	41	0
153	0	1000.0	24:00	84	314	7593	27153	75	0
153	1	1000.0	24:00	105867	18886	7250	26699	0	0
154	0	1000.0	24:00	75	177	6111	23432	0	0
154	1	1000.0	24:00	157	211	6298	23962	0	0
155	0	1000.0	24:00	5992	1741	6159	23249	0	0
155	1	1000.0	24:00	99	305	5951	21663	88	0
156	0	1000.0	24:00	75	301	6384	23282	124	0
156	1	1000.0	24:00	9650	2062	5293	20351	0	0
157	0	1000.0	24:00	60	148	2945	11477	0	0
157	1	1000.0	24:00	33	54	2622	10225	0	0
158	0	1000.0	24:00	482	671	2557	10198	0	0
158	1	1000.0	24:00	40	113	2605	10105	67	0
159	0	1000.0	24:00	1244	1186	4767	18099	0	0
159	1	1000.0	24:00	82	238	4894	17160	75	0
160	0	1000.0	24:00	34100	10323	4195	26687	91545	0
160	1	1000.0	24:00	135924	110078	4193	18135	56578	0
161	0	1000.0	24:00	6746	1931	6495	24821	0	0
161	1	1000.0	24:00	95	253	5459	19866	37	0
162	0	1000.0	24:00	9716	1984	6739	25772	0	0
162	1	1000.0	24:00	101	227	6006	22029	70	0
163	0	1000.0	24:00	357409	214611	16034	23167	70713	0
163	1	1000.0	24:00	142110	61568	5105	28617	88978	0
164	0	1000.0	24:00	162926	31604	4480	16122	0	0
164	1	1000.0	24:00	95	331	6475	23380	74	0
165	0	1000.0	24:00	751328	11724	5626	21311	0	0
165	1	1000.0	24:00	92	297	5739	21597	76	0
166	0	1000.0	24:00	95226	14382	3578	24936	87080	0
166	1	1000.0	24:00	1292	1102	3243	24934	81397	0
167	0	1000.0	24:00	1539	1186	4902	18540	0	0
167	1	1000.0	24:00	62	201	4494	16779	74	0
168	0	1000.0	24:00	527	739	2997	11701	0	0
168	1	1000.0	24:00	36	137	3091	11367	69	0
169	0	1000.0	24:00	23	178	889	5842	19018	0
169	1	1000.0	24:00	137	245	390	6473	23794	0
170	0	1000.0	24:00	20993	3459	1919	13036	44763	0
170	1	1000.0	24:00	503	1030	2717	17179	52783	0
171	0	1000.0	24:00	1274	907	3535	25442	82079	0
171	1	1000.0	24:00	702606	50158	5539	24067	82020	0
172	0	1000.0	24:00	1108	831	1997	28487	99991	0
172	1	1000.0	24:00	2290	1092	1983	30441	107543	0
173	0	1000.0	24:00	440828	18220	6507	31948	105469	0
173	1	1000.0	24:00	2790	1756	5603	36568	109602	0
174	0	1000.0	24:00	389762	96905	11388	31044	87223	0
174	1	1000.0	24:00	596865	324496	15517	12390	32573	0
175	0	1000.0	24:00	34618	2212	2787	31391	105355	0
175	1	1000.0	24:00	447779	175896	3982	17019	59768	0
176	0	1000.0	24:00	30190	9285	3985	25690	89447	0
176	1	1000.0	24:00	187849	50870	3671	21499	68607	0
177	0	1000.0	24:00	615	1049	2777	16354	52236	0
177	1	1000.0	24:00	152659	11902	2670	13001	42776	0
178	0	1000.0	24:00	158	256	444	6720	24984	0
178	1	1000.0	24:00	82	206	842	5646	19088	0
179	0	1000.0	24:00	64	169	3832	14647	111	0
179	1	1000.0	24:00	749	1059	2875	11567	0	0
180	0	1000.0	24:00	99	304	6170	23098	142	0
180	1	1000.0	24:00	3199	1677	4915	18828	0	0
181	0	1000.0	24:00	798	1173	2902	17682	55456	0
181	1	1000.0	24:00	88251	10145	2277	12458	42920	0
182	0	1000.0	24:00	86	279	6769	25417	145	0
182	1	1000.0	24:00	18110	2580	5438	20889	0	0
183	0	1000.0	24:00	104	280	6503	24204	153	0
183	1	1000.0	24:00	54374	4543	5749	21658	0	0
184	0	1000.0	24:00	430	771	2459	16680	52790	0
184	1	1000.0	24:00	36515	3736	2184	14705	50412	0
185	0	1000.0	24:00	68	590	6887	22426	39	0
185	1	1000.0	24:00	111626	19169	4813	17853	0	0
186	0	1000.0	24:00	69	418	7130	24311	83	0
186	1	1000.0	24:00	248268	4059	5702	21448	0	0
187	0	1000.0	24:00	449	893	2621	16815	53382	0
187	1	1000.0	24:00	11618	2894	1944	13245	45623	0
188	0	1000.0	24:00	76	259	6306	23718	139	0
188	1	1000.0	24:00	1636	1696	5432	20308	0	0
189	0	1000.0	24:00	53	225	4472	16495	134	0
189	1	1000.0	24:00	776	1060	3279	12371	0	0
190	0	1000.0	24:00	8	28	2379	9092	0	0
190	1	1000.0	24:00	51	186	3392	13165	0	0
191	0	1000.0	24:00	1780	1653	4981	19387	0	0
191	1	1000.0	24:00	81	333	7224	25874	157	0
192	0	1000.0	24:00	44	182	4208	15672	77	0
192	1	1000.0	24:00	1523	1106	4569	17311	0	0
193	0	1000.0	24:00	49	124	4702	18123	0	0
193	1	1000.0	24:00	75	163	5319	19885	0	0
194	0	1000.0	24:00	2098	1653	5559	21221	0	0
194	1	1000.0	24:00	80	239	6193	22856	112	0
195	0	1000.0	24:00	91	215	6077	22575	112	0
195	1	1000.0	24:00	2911	1728	5689	21480	0	0
196	0	1000.0	24:00	53	131	4800	19131	0	0
196	1	1000.0	24:00	102	129	4562	17732	0	0
197	0	1000.0	24:00	1320	1202	4840	18186	0	0
197	1	1000.0	24:00	89	206	4305	15819	80	0
198	0	1000.0	24:00	113	308	6843	25757	174	0
198	1	1000.0	24:00	2997	1691	4927	18694	0	0
199	0	1000.0	24:00	53	169	3369	13074	0	0
199	1	1000.0	24:00	77	71	2556	9680	0	0
200	0	1000.0	24:00	65	139	1934	7682	0	0
200	1	1000.0	24:00	5	18	1218	4930	0	0
201	0	1000.0	24:00	67	168	3130	12326	0	0
201	1	1000.0	24:00	49	56	2412	9541	0	0
202	0	1000.0	24:00	168	282	422	7132	26045	0
202	1	1000.0	24:00	154	208	853	5665	18803	0
203	0	1000.0	24:00	65	135	3171	12572	0	0
203	1	1000.0	24:00	35	56	2309	9338	0	0
204	0	1000.0	24:00	55	134	3120	11867	0	0
204	1	1000.0	24:00	53	56	2508	9954	0	0
205	0	1000.0	24:00	114	204	357	6323	23538	0
205	1	1000.0	24:00	90	230	950	6352	20965	0
206	0	1000.0	24:00	55	131	3078	11735	0	0
206	1	1000.0	24:00	16	35	2822	11243	0	0
207	0	1000.0	24:00	61	126	3044	11602	0	0
207	1	1000.0	24:00	26	46	2579	10136	0	0
208	0	1000.0	24:00	104	204	365	6524	23803	0
208	1	1000.0	24:00	9	168	900	5912	19543	0
209	0	1000.0	24:00	54	166	3373	12923	0	0
209	1	1000.0	24:00	20	37	2648	10288	0	0
210	0	1000.0	24:00	68	128	2097	8335	0	0
210	1	1000.0	24:00	1	11	1475	5829	0	0
211	0	1000.0	24:00	5	9	1374	5421	0	0
211	1	1000.0	24:00	58	148	1878	7262	0	0
212	0	1000.0	24:00	748	1076	3100	11541	0	0
212	1	1000.0	24:00	73	232	4203	15540	129	0
213	0	1000.0	24:00	37	128	2942	11019	72	0
213	1	1000.0	24:00	469	691	2797	10759	0	0
214	0	1000.0	24:00	21	58	3138	12051	0	0
214	1	1000.0	24:00	58	102	3056	12539	0	0
215	0	1000.0	24:00	772	1096	3675	13804	0	0
215	1	1000.0	24:00	55	138	3677	13922	86	0
216	0	1000.0	24:00	40	157	3996	15214	107	0
216	1	1000.0	24:00	755	1000	3321	13273	0	0
217	0	1000.0	24:00	32	104	3455	13030	0	0
217	1	1000.0	24:00	44	66	2903	11720	0	0
218	0	1000.0	24:00	527	755	2820	11553	0	0
218	1	1000.0	24:00	35	108	2807	10825	71	0
219	0	1000.0	24:00	48	193	4195	15464	127	0
219	1	1000.0	24:00	823	1122	3374	13278	0	0
220	0	1000.0	24:00	60	156	2007	7934	0	0
220	1	1000.0	24:00	18	31	1671	6237	0	0
